41 4converted 1.514845424002324 0.21321787544551718 20 20 100 6 kill 80 48 5 1 0.2 60 0 24 0 0 True False False
171 5converted 1.5116118219936765 0.20998427343686976 60 20 100 6 wiggle 80 48 5 1.6 1.2 60 0 24 0 0 True False False
46 6converted 1.5109201633919607 0.20929261483515393 100 20 100 6 kill 80 48 5 2 1.8 100 0 24 True False False
183 7converted 1.5144581023929102 0.2128305538361035 80 20 100 6 wiggle 80 48 5 0.8 0.4 60 0 24 0 0 True False False
146 8converted 1.511977580678105 0.21035003212129832 60 20 100 6 kill 80 48 5 1 1.8 100 0 24 0 0 True False False
147 9converted 1.5112348495402033 0.20960730098339653 80 20 100 6 kill 80 48 5 1 1.8 60 0 24 0 0 True False False
254 10converted 1.5107364396615477 0.20947364793947254 60 20 100 6 wiggle 80 48 5 1.2 0.6 100 0 24 0 0 True False False
985 converted_with_food_high_dormant_on 1.510610013962233 0.2096000736387873 60	20 100 6 kill 80 48 5 2 0.6 60 10 24 0 0 True False True
183 converted_with_food_low_dormant_off 1.5112904426368112 0.2096628940800045 100 20 100 6 kill 80 48 5 2 0.4 60 10	24 0 0 True False True
1131 converted_with_food_low_dormant_on 1.5109209934547199 0.20929344489791313 60 20 100 6 wiggle 80 48 5 1.6 1.4 60 10 24 0 0 True False True
470 no_food_scaled 1.5111445493777171 0.2095170008209104 60 20 100 6 kill 80 48 5 1.8 0.2 70 10 24 0 0 TRUE FALSE FALSE