0 (2.0215732360880354, -2.6436387765320237)
1 (1.844355441965194, -2.079252234944414)
2 (2.009718241564344, -2.6861883175206906)
3 (1.9568681822419463, -2.350979488489555)
4 (1.9742270892426466, -2.6715273917429903)
5 (1.929232759754106, -2.264746405867287)
6 (1.8773684050294104, -2.033362641394166)
7 (1.9174443596055106, -2.2288772937875345)
8 (2.0955209519564626, -3.134651507167982)
9 (1.8937673692177686, -2.069081555353183)
10 (2.133457785529481, -3.3299850584180084)
11 (2.0388620261173114, -2.6798465578742436)
12 (2.0873095476557957, -2.9649057779116643)
13 (1.9268275015618084, -2.2919401198732947)
14 (1.9766708016488626, -2.7029239685273314)
15 (1.9900465211314946, -2.438145741533694)
16 (1.9318983490939003, -2.295607455849731)
17 (1.9133951017290156, -2.1302091029405545)
18 (2.074879441374183, -2.9983296740955923)
19 (1.920703665359429, -2.195429826865383)
20 (1.9206018945092835, -2.3613554275396944)
21 (1.8631633621703059, -1.9754642605333739)
22 (1.9691526211831345, -2.4610114488857806)
23 (1.8393702647526862, -1.8623831202591516)
24 (2.370932883825038, -4.638839340686465)
25 (2.010560992733439, -2.765963353744271)
26 (1.8457427736426164, -2.148104891207309)
27 (2.0257017115995084, -2.8999210308595416)
28 (1.8901610024296083, -2.1000762900386563)
29 (1.967870763187779, -2.453025651608167)
30 (2.000648283672125, -2.901810366372272)
31 (1.7565673315028407, -1.567335551024411)
32 (1.901382069996518, -2.2537181981700587)
33 (1.8859079769243097, -2.0865552562989613)
34 (2.043397095349555, -2.962390605031589)
35 (2.061512748753988, -2.958475644611883)
36 (1.969579774411174, -2.5146109622165635)
37 (1.8006780623455685, -1.802930479029589)
38 (1.8731543545433893, -2.177494434299425)
39 (1.8015354282479181, -1.8710920356606626)
40 (1.8027742184370996, -2.043716158936001)
41 (1.8734474477283336, -2.058402203279183)
42 (2.008489096204124, -3.007346496299682)
43 (2.0241047133977763, -2.93754170308921)
44 (1.8391104656268094, -2.1572945541852357)
45 (1.834939922179014, -2.040835554510754)
46 (1.7596462139449918, -1.7598810034432415)
47 (1.8689841564697767, -2.1052342548047482)
48 (1.8285485348959525, -2.0242747567389396)
49 (1.7167230409719945, -1.5922098174396129)
50 (1.8123462691736305, -1.8675988832998274)
51 (2.0497605779811834, -2.986398481433838)
52 (1.695034399870677, -1.47763800101645)
53 (1.8728765028772703, -2.1505917097312466)
54 (2.1204094157945144, -3.5162501624702727)
55 (1.8480570047893516, -2.0568608537097868)
56 (1.8731836624189122, -2.1582707816660807)
57 (1.7990247418463214, -1.786870056472082)
58 (1.8744684481244398, -2.2206894249170728)
59 (1.9943604773313433, -2.648813760367057)
60 (1.612927565747187, -1.287648809078231)
61 (1.866733425687397, -2.1327467684583556)
62 (1.6909901114064532, -1.240744593592247)
63 (1.8451342782536613, -2.019017978814329)
64 (1.6776840581074774, -1.4914567189687025)
65 (2.060107241164841, -3.0246532128796546)
66 (1.9716468515742402, -2.739561818215464)
67 (1.8482243765344302, -2.3759656753335703)
68 (1.875133113106622, -2.0853567856328077)
69 (1.985100871749282, -2.7376744546687037)
70 (2.084930842411383, -3.4835308535190266)
71 (1.6657693505590254, -1.4430845452317702)
72 (1.9697841154907905, -2.836054107132588)
73 (1.8247818344060498, -1.948624626458009)
74 (1.7913391425382066, -1.8262516130614468)
75 (1.8204993025083887, -2.047589121102081)
76 (1.6227503117335487, -1.2804732861793258)
77 (1.8796538241370175, -2.2319245163139283)
78 (1.7298350003590337, -2.0141191951826203)
79 (1.7227468722681303, -1.4166331888883)
80 (1.780047827012627, -2.0502346257967488)
81 (1.8437372169189488, -2.167929915948202)
82 (1.7114239310046748, -1.5490080556631096)
83 (1.7013766834529305, -1.6948615240268878)
84 (1.5487138605196638, -1.0516980183820737)
85 (1.5884276276710183, -1.2890403738556648)
86 (1.7672684282712994, -1.8824512256423835)
87 (1.6643370798731685, -1.4207805321769802)
88 (1.724124236273612, -1.745286137149282)
89 (1.7343198082468365, -1.8311513293228354)
90 (1.8391080674209457, -2.4727714445404185)
91 (1.8635978057054043, -2.346561800837916)
92 (1.820940136586506, -2.3722789634692227)
93 (1.9132037332503427, -2.586568268450923)
94 (1.600543524405424, -1.2861801521685763)
95 (1.8483971657953582, -2.2521194770372293)
96 (1.757895094165288, -1.7390389261656416)
97 (1.7194723361441013, -1.6432976286848517)
98 (1.7719206491821562, -1.9356440066793177)
99 (1.7962172968464563, -1.8941089347995217)
100 (1.7036704794583877, -1.6881996458304478)
101 (1.6878528601840395, -1.566962733833974)
102 (1.6522043996922045, -1.6656308545308267)
103 (1.5758103411142872, -1.2064587626768117)
104 (1.8880606687772108, -2.881530007682087)
105 (1.536389801913254, -1.0599577712846489)
106 (1.7666827214366283, -1.90900640459263)
107 (1.6417345658210238, -1.4563187000181002)
108 (1.6879222222944628, -1.719199620572515)
109 (1.6949396185804217, -1.665637095136926)
110 (1.6561550469554598, -1.5784219073521049)
111 (1.7620364386569014, -2.083155699837878)
112 (1.624203816481409, -1.3748970606621163)
113 (1.57308454114472, -1.3072308702820905)
114 (1.550839512945145, -1.3404673249512868)
115 (1.7322424678452153, -1.757495462387793)
116 (1.594280143263039, -1.3500263935298658)
117 (1.9082263903398133, -2.395866667320846)
118 (1.8418553435595064, -2.326374998934735)
119 (1.599547014980886, -1.3400580695117068)
120 (1.6201271163095001, -1.5908500709239728)
121 (1.6974261279311935, -2.0751276564367163)
122 (1.4334231690121815, -0.8326564909167654)
123 (1.6350881190161821, -1.5974240763889511)
124 (1.7891483763996217, -2.2111894309534614)
125 (1.6281248025099504, -1.3493715837178824)
126 (1.6528998894893558, -1.7538818208579068)
127 (1.457179607782914, -0.9492713355701993)
128 (1.6576804215158956, -2.0021061561863442)
129 (1.5767728137236077, -1.5651052317673924)
130 (1.7259534881044984, -2.198789571070981)
131 (1.6865634626975556, -1.6540166767717326)
132 (1.4988216342567044, -0.8858047601868595)
133 (1.5423470121732457, -1.007833235072901)
134 (1.8260032174232343, -2.2420099177359885)
135 (1.5955150464364753, -1.3932190704076004)
136 (1.7393510917136341, -2.2538033781574334)
137 (1.730956566795861, -2.1824610626137306)
138 (1.5344623371885828, -1.2335338774263114)
139 (1.5838826572608846, -1.4648998921420644)
140 (1.6370278032387549, -1.7691450042521375)
141 (1.5470877419752682, -1.1867463098292306)
142 (1.5168703237561656, -1.3035055661764545)
143 (1.5070176519412506, -1.1228316362681197)
144 (1.1828280891907184, 0.04488003106713201)
145 (1.4951479199008075, -0.91922648338714)
146 (1.480371121054651, -0.8248549847314577)
147 (1.6434551681261507, -1.6834589080693514)
148 (1.736397095987026, -2.1866121976226793)
149 (1.673276257499004, -1.8009731047042299)
150 (1.5703683865764124, -1.4813230952068743)
151 (1.8239040765243688, -2.4822791959970094)
152 (1.4176491586447502, -0.7763540899703425)
153 (1.836538741225048, -2.3793129556270127)
154 (1.759414362303659, -2.1346584153770514)
155 (1.5487154243472627, -1.1189827203058091)
156 (1.4974961337589086, -0.960772002070299)
157 (1.5772474145283606, -1.4709136259265718)
158 (1.4445708728701603, -0.8515451077565737)
159 (1.976905805896229, -3.2407177643652885)
160 (1.6913712867915816, -1.8125905094888313)
161 (1.926169048806194, -2.4272324975385735)
162 (1.9125141984018665, -2.7553644011810587)
163 (1.8675154961647322, -2.221922662266086)
164 (1.8296429934078495, -2.0593573305582105)
165 (1.777613530757373, -2.0089850530478115)
166 (1.630384218524853, -1.3321077458619641)
167 (1.8770715081350253, -2.158737240605835)
168 (1.8523416517291835, -2.5380253513095217)
169 (1.9021632550967682, -2.5036977997119463)
170 (1.8673066490285626, -2.3672670679871617)
171 (1.7433097562741842, -1.7934230897031145)
172 (1.741119202808937, -1.7877196662459955)
173 (1.9329140289465463, -2.689335884144778)
174 (1.8349569200985334, -2.0862611836586167)
175 (1.7175818632415114, -1.6435162376177679)
176 (1.8303157044659943, -2.147031357306794)
177 (1.9048494778563243, -2.7029777599499947)
178 (1.8058945634621406, -2.143792756900548)
179 (1.9818682916305153, -2.875521493694529)
180 (1.554885238447386, -1.2555458282425098)
181 (1.5134257923378713, -1.2994059274671783)
182 (1.6026612909220253, -1.5037438604201816)
183 (1.5112904426368112, -1.0185035721204287)
184 (1.6177571293619013, -1.6690356078301238)
185 (1.8058505185312634, -2.4255769006386205)
186 (1.7372710489140524, -1.7988893398459294)
187 (1.551262946339137, -1.288949187776705)
188 (1.6397955030739542, -1.5813901890569881)
189 (1.4878556218344743, -0.8170832135476855)
190 (1.4693594815641418, -0.8986578878109197)
191 (1.590273094127998, -1.3978681226196041)
192 (1.8612222490697663, -2.881538234001221)
193 (1.4799852242371423, -0.941855611643385)
194 (1.6309604883864783, -1.7906501262551802)
195 (1.4901265667051935, -0.9195572903501731)
196 (1.4807653504907854, -1.2605025355126016)
197 (1.5339388819017352, -1.5074636136544017)
198 (1.2771043349860953, -0.3624118184631911)
199 (1.5968119603567892, -1.4137977658395464)
200 (1.9667504760569654, -2.5164453793793373)
201 (1.9661514082166929, -2.527840317607804)
202 (1.7786155683193965, -1.6145358722257916)
203 (1.9093825605031065, -2.25038144471345)
204 (1.934204991194657, -2.4949637544893633)
205 (1.7534568203854783, -1.6696418713547807)
206 (1.9331324263769984, -2.386586189980629)
207 (1.9310367877107497, -2.361972926198365)
208 (2.0828005020547793, -3.1408087013543744)
209 (1.8214865943327048, -2.1323745456794843)
210 (1.9370105182000539, -2.32616307030632)
211 (1.8473164266902158, -1.756625585096143)
212 (1.8386518370616838, -1.8229740650495052)
213 (1.8230841519054006, -1.727214559019171)
214 (1.9186178211619096, -2.2700362874073168)
215 (1.8038252145745444, -1.6509639268748404)
216 (1.8999431612704678, -2.271101133578814)
217 (1.9113712825440758, -2.0926472923205583)
218 (1.9008110338909867, -2.1914274155696156)
219 (1.7321731609499074, -1.4207979899952579)
220 (2.0136868344070233, -2.772398485379281)
221 (1.9014724553602935, -2.269256609688346)
222 (1.977059764211215, -2.7408036192972283)
223 (1.9221416270133949, -2.294678277306607)
224 (1.96265710761202, -2.528595569182744)
225 (1.878749905815064, -2.1292781207171068)
226 (1.9110032253344102, -2.4521678667437676)
227 (1.8896505632570986, -2.0891531085549526)
228 (1.8872693225082278, -2.227483167648834)
229 (1.879686191332813, -1.9906801940865335)
230 (2.078296740766401, -3.5506792383953867)
231 (1.8313615218857995, -2.112103996560197)
232 (1.7751370826012858, -1.8169012936659659)
233 (1.7988449577294994, -1.8855558987268708)
234 (1.873233857476742, -2.0650531082714254)
235 (1.9244935681485826, -2.2079565315128655)
236 (1.9119044017035272, -2.342292045967112)
237 (1.930286492502798, -2.155627918688342)
238 (2.0319950145056493, -2.8524211073166006)
239 (1.7471530305017806, -1.6788796032182045)
240 (1.9512154021837889, -2.598856841557276)
241 (1.9067647222527708, -2.4067501838003014)
242 (1.9201442109727986, -2.5007815272606497)
243 (1.8070330201405571, -1.8081808363785425)
244 (1.9089698699045454, -2.3608162873007705)
245 (2.1119795511573027, -3.254019880624832)
246 (1.906406910138418, -2.3865996599467594)
247 (1.8828231568145228, -2.243543947835146)
248 (1.9487108060225418, -2.8973652888427077)
249 (1.9560360266298868, -2.5981549191934983)
250 (1.8325036243016863, -1.9331984132470987)
251 (1.9666527464558818, -2.523870255923831)
252 (2.055457029923271, -3.0624733840744285)
253 (1.9970921645541513, -2.765166675389191)
254 (1.8055001366186347, -2.1057762530653488)
255 (1.97280120009797, -2.506141702525194)
256 (1.8145390035845248, -2.060149095606714)
257 (1.7975543253617148, -1.848296115280758)
258 (1.7289841349560817, -1.5871086110820694)
259 (1.8442768339472781, -2.105697132602471)
260 (1.7772035783111435, -1.7131406887116325)
261 (1.928166604075542, -2.6275289198619785)
262 (1.7730650424272134, -1.7826350884039421)
263 (1.9019639109009998, -2.271633178746993)
264 (1.8395175130344819, -2.3268555777266884)
265 (1.879132699900156, -2.443095994720132)
266 (1.8588363608979255, -2.4744809238679237)
267 (1.7983668293713664, -1.796291191472364)
268 (1.8906773280399782, -2.5726771649853233)
269 (1.790513483362567, -1.9687003395156055)
270 (2.012159651420324, -3.110766287274458)
271 (1.830143574485696, -2.0972823813808326)
272 (1.7946082648131874, -2.1260065762233187)
273 (1.745651478201239, -1.907895217316069)
274 (1.856106229671866, -2.199803844481667)
275 (1.731720499386249, -1.7211055367055363)
276 (1.809874229442539, -1.8492889625990638)
277 (1.6614827677021264, -1.3843995031889111)
278 (1.9762775536443424, -2.6640850325019874)
279 (1.6291347238483778, -1.260836933067689)
280 (1.8164117896995113, -2.2806589391208147)
281 (1.5975434395994792, -1.2095675653339928)
282 (1.8509336176151086, -2.416619323119089)
283 (1.4992550169325574, -0.9055115248179857)
284 (1.8070310699188485, -2.470782106069531)
285 (1.7299223319958212, -1.783566082757102)
286 (1.8352159904284002, -2.3678330966736985)
287 (2.0077356085821076, -3.168836438203534)
288 (1.779864230487289, -1.9917519987711094)
289 (1.64082178775223, -1.4721078783395656)
290 (1.7477283366895155, -1.8834377907367443)
291 (1.9052890571277388, -2.572371859189013)
292 (1.7246080034055449, -1.9172489708285783)
293 (1.7979097455503594, -2.270712536210986)
294 (1.706136064425371, -1.7424003756678905)
295 (1.5852383172273306, -1.4425650195316198)
296 (1.6287147925325893, -1.4832695483826355)
297 (1.76117915086503, -2.0112657206124465)
298 (1.7271196947875564, -1.9234611980544396)
299 (1.9433497691027897, -2.886288109795839)
300 (1.869683003701343, -2.511385793253696)
301 (1.8550192772166139, -2.152543064858601)
302 (1.679320384680915, -1.7982956752576635)
303 (1.666031545199966, -1.5773260105974092)
304 (1.6610427184713035, -1.7242422900009449)
305 (1.5470696141247757, -0.9692759391082079)
306 (1.6049071425508956, -1.2695688030911287)
307 (1.8165371073541472, -2.5394179319335457)
308 (1.660855292875748, -1.2995874350972518)
309 (1.6741846477618287, -1.954398280511493)
310 (1.4058660044345603, -0.6116102857547261)
311 (1.7295061424953928, -1.7424088443902586)
312 (1.6458424307064514, -1.7117650136944094)
313 (1.7250692895069681, -1.7343667402479053)
314 (1.750249770940881, -1.6446942463575156)
315 (1.8575703634444167, -2.507052618598731)
316 (1.4708653806169742, -1.0516790205226971)
317 (1.7335203484475528, -1.9645082849728197)
318 (1.734480079515913, -1.9199320709950418)
319 (1.9039957751614127, -2.7740755514382047)
320 (1.8345268379602504, -2.4016922212378664)
321 (1.5588139342054517, -1.2873020273409101)
322 (1.4411037171829684, -0.5197537126670656)
323 (1.6237663372738884, -1.50413895855145)
324 (1.509227252170556, -0.9527344307242641)
325 (1.6078543760425357, -1.2982375083562223)
326 (1.6751506815381783, -1.797819404423003)
327 (1.79753296058089, -2.3257816257911434)
328 (1.8831726060789837, -2.629899401963861)
329 (1.768540360010188, -2.0219378375554475)
330 (1.6995878468639467, -2.4032480925024005)
331 (1.621883650951702, -1.5183290561762246)
332 (1.844337129379552, -2.5814520981368534)
333 (1.7534806077389997, -1.9994751678298217)
334 (1.6629517283571078, -2.0874934179427154)
335 (1.699986920669942, -1.8813216626045313)
336 (1.8452661686447596, -2.4024793064349823)
337 (2.089195075884879, -3.617938224442676)
338 (1.9080304078631236, -2.3542712441063576)
339 (1.8324517588604363, -2.0712684363870455)
340 (1.471956776075863, -1.0028787742549439)
341 (1.854600182727568, -2.7418194446918944)
342 (1.6875431854592913, -1.7345015619158832)
343 (1.607659221796058, -1.3856185542620743)
344 (1.728512707195766, -1.8254865059575625)
345 (1.8774242580820895, -2.9628134181327535)
346 (1.8331441375423203, -2.549734509889649)
347 (1.694247705769738, -1.688060754553358)
348 (1.6271581593201825, -1.668989518798971)
349 (1.6439453970112214, -1.6998663326373973)
350 (1.7773464780762538, -2.288826750692633)
351 (1.7539998690321907, -2.1524989042492577)
352 (1.9042701084444524, -3.125831934363734)
353 (1.641163478893697, -1.4702722776599761)
354 (1.537656003110651, -1.4229517613915093)
355 (1.7373382246306457, -2.2650292462787034)
356 (1.8697623500465552, -2.628572913912911)
357 (1.6400029963388034, -1.7104306116771446)
358 (1.4370329777625122, -0.8237902192237666)
359 (1.659468262347748, -1.84997201908239)
360 (1.5842113893364789, -1.0987538545041302)
361 (1.8564441449884155, -2.241052426609023)
362 (1.616362468134847, -1.3111983545439865)
363 (1.7901994082306818, -2.0124266946554776)
364 (1.7595202024544891, -1.7514450950203917)
365 (1.7142787788797504, -1.7117723782830672)
366 (2.0707743921336363, -3.4600825671366855)
367 (1.698576522260746, -1.6036459298686456)
368 (1.6509206487375365, -1.5368315714519707)
369 (1.4757681876246793, -0.9171061310690924)
370 (1.8972726021087774, -2.5062279985646265)
371 (2.0801457366344973, -3.494529571044933)
372 (1.7081192177814082, -1.6859188815572976)
373 (1.6854483842819712, -1.3183085072777987)
374 (1.7597172904942529, -1.92055197496166)
375 (1.9469669755807446, -2.5545352306423226)
376 (1.7763605544991903, -1.9439536972185132)
377 (1.5743684707484862, -0.9974690121737287)
378 (1.7661166352536217, -2.1077487360702714)
379 (1.6625252990943937, -1.3462162282474932)
380 (1.6254532517362092, -1.5908454390136053)
381 (1.735244183896353, -2.0745778623548867)
382 (1.9860549794811964, -3.330783737911343)
383 (1.6378559667797628, -1.6518828371514565)
384 (1.4430138340266174, -0.6920411792807863)
385 (1.7038374048534468, -1.3918497266020704)
386 (1.6056864160839572, -1.9046629287041867)
387 (1.48326421390276, -1.3531419024867166)
388 (1.697537241347351, -1.5858424539897171)
389 (1.7223537601604813, -1.9511245701221964)
390 (1.5355749674615393, -1.2082746090833671)
391 (1.4962707224828573, -1.1365122710983047)
392 (1.4205336991309236, -0.8754631003943434)
393 (1.5756399862359771, -1.2799606597502238)
394 (1.4854025483026736, -1.1819097384801822)
395 (1.6057076006435447, -1.5772899577527253)
396 (1.6808103537080774, -1.9828638741234148)
397 (1.3976056531259513, -0.755608625344292)
398 (1.6415582377314635, -1.5603856905825237)
399 (1.861984520058874, -2.4619117756338893)
400 (1.8629675907867909, -2.0745493923176057)
401 (1.7504264263312865, -1.7993295588366878)
402 (1.8025670169570547, -1.9181278458845008)
403 (1.6883901986482865, -1.742266603428505)
404 (1.8795076849508916, -2.3036085826595745)
405 (1.5810789556627518, -1.1504128758601235)
406 (1.6538552616302695, -1.2431772401995702)
407 (1.577406565328279, -1.1618865544971881)
408 (1.9622446638922502, -2.9600596973268476)
409 (2.0562169200842195, -3.1352812090629554)
410 (1.8686332814131588, -2.486218096201849)
411 (1.713604486229075, -1.4361781551149975)
412 (1.7343291072210871, -1.6646148822806444)
413 (1.796950785984995, -2.2264432305354367)
414 (1.6274396584326347, -1.0997963693094128)
415 (2.0043183152297575, -3.076136679810269)
416 (1.818279302158579, -2.2833008830225503)
417 (1.4257225570770844, -0.7126662279649392)
418 (1.9089641619985749, -3.286085439838736)
419 (1.6559543525766318, -1.693932956805851)
420 (1.3975755953433628, -0.8632566670489555)
421 (1.505306382961691, -1.3786989405983447)
422 (1.32496281020452, -0.6282075438034235)
423 (1.42363286652908, -1.1423579076519088)
424 (1.6298351747933622, -1.4793107403261205)
425 (1.9356942288184171, -3.25438703652366)
426 (1.5497968522584147, -1.0658395782500163)
427 (1.2775288720750688, -0.4336236301153099)
428 (1.6137762343633624, -1.4917780352942664)
429 (1.2921451292069102, -0.4852467154022702)
430 (1.4614760717831883, -1.168869203391343)
431 (1.4980881231560867, -1.19182874408707)
432 (1.6014585549483422, -1.128046538354117)
433 (1.2416317568208581, -0.5864901671531939)
434 (1.6986689791930294, -1.4802728531754372)
435 (1.412005773881317, -1.2567870190846258)
436 (2.115992361000269, -4.137966302170339)
437 (1.423714154271595, -0.9363181876036478)
438 (1.6815676740328447, -1.4482816633275035)
439 (1.2473044735189946, -0.5271595805839906)
440 (1.4142812545908507, -0.978455050339084)
441 (1.6656102912707211, -1.8457244819133611)
442 (1.4085539685743833, -0.7134109849795595)
443 (1.6820154226210258, -1.7811277470016642)
444 (1.263132876818187, -0.7343183979930878)
445 (1.6156639750264121, -1.8295498378701955)
446 (1.258577057219058, -0.27937700444982566)
447 (1.3990186992901723, -0.8763154875396145)
448 (1.8727942861428046, -3.0137543463267153)
449 (1.646052113439231, -2.1633607933119983)
450 (1.69663612734691, -1.7309349810958066)
451 (1.5560842923467828, -1.556616926697146)
452 (1.3000898630735138, -0.871940339502775)
453 (1.210716151631256, -0.729543986170694)
454 (1.3368795557708484, -0.9370587882114098)
455 (1.3665191188285997, -0.7969139460649488)
456 (1.5946118050459028, -1.194503512732438)
457 (1.3446001123770515, -1.0408615604435911)
458 (1.2591227854623315, -0.5230451495290529)
459 (1.537563232193391, -1.3276378680497212)
460 (1.5142046185209501, -0.9460335606077279)
461 (1.5240696438164532, -1.6328081016177751)
462 (1.472079027134607, -1.1247328722443166)
463 (1.30157801474474, -0.5724801709017161)
464 (1.8014817447658913, -2.59844976391632)
465 (1.3318456837436998, -1.1732929078259877)
466 (1.267976533579961, -0.6707087537410835)
467 (1.4281381716761947, -1.588549855981654)
468 (1.2593132283170059, -1.0248017767620787)
469 (1.212918779266223, -0.837417035477508)
470 (1.8150507819159722, -2.646840861551582)
471 (1.13108914578072, -0.3881661373291793)
472 (1.388353499719697, -0.8938146164845308)
473 (1.5213796796529417, -1.1733848167541299)
474 (1.367440897082955, -0.9760570664992232)
475 (1.3625090494840926, -1.259901477438977)
476 (1.7012495967708816, -2.322244229120488)
477 (1.3964213057839712, -1.4589024475735772)
478 (1.8769663236187626, -3.623780926008976)
479 (1.7631423007567846, -2.3449554611582197)
480 (1.6178981646722783, -2.079221433156837)
481 (1.1909199882033252, -0.89127027226803)
482 (1.1140329556333428, -0.39853304936937345)
483 (0.9832717837978142, 0.06618526415428941)
484 (1.374387996112169, -1.1880360654073194)
485 (1.136433638233737, -0.5500046024468925)
486 (1.171622843751568, -0.35030880348369225)
487 (1.3026496679988147, -1.1753131089112372)
488 (0.9946425618088076, -0.006646342779862992)
489 (1.1647853679208873, -0.43122996636574384)
490 (1.3197242108178715, -0.6655723662060596)
491 (1.1966138895212766, -0.4137107860622895)
492 (1.2719629958042076, -1.0555337270901402)
493 (1.4057357072745758, -1.6957923453320611)
494 (1.8082118752436318, -2.493052945043332)
495 (1.2126751536059894, -0.18167148487692916)
496 (1.2358646692138593, -1.0673038256211564)
497 (1.3034441078165409, -0.8122590931222293)
498 (1.6257250076238716, -2.8154210759505784)
499 (1.503326328178209, -2.068970504070074)
500 (1.2743223155787562, -0.8059669778592419)
501 (1.159604319191554, -0.3006700151783392)
502 (1.2990177157090594, -1.0028967012184995)
503 (1.3267130838391399, -0.9261620282858531)
504 (1.3092346582475545, -0.8562072560660701)
505 (1.417381882364076, -1.4235480616940954)
506 (1.0912748764928402, -0.04233738748246698)
507 (1.252007881293732, -0.5015681742257557)
508 (1.009013711376249, 0.008800683126904092)
509 (1.4426797805810638, -1.3509602073237275)
510 (1.212167604345868, -0.6018278644865684)
511 (1.262911433790898, -0.7213461200638412)
512 (1.541812296968623, -1.308243057410045)
513 (1.2474274303873287, -0.9163962754849955)
514 (1.1996262450255195, -0.5559639344575179)
515 (1.0812874661230636, -0.23219018330038324)
516 (1.1259917274517102, -0.49726063175864627)
517 (1.1305804371735513, -0.2965062480990998)
518 (1.4093111233399815, -1.2879518109015324)
519 (1.3930682955205282, -1.356911881427453)
520 (0.9287466024776525, -0.2150546001382724)
521 (0.8347402204708826, 0.17256831151846733)
522 (1.5777921344099868, -2.4667742752286035)
523 (1.0304364974635372, -0.13194659572172707)
524 (1.2009959398068004, -0.7117240129399999)
525 (1.17106133888048, -0.5962392028487324)
526 (1.1062784483149148, -0.1927549983615871)
527 (1.193967266111908, -1.0034475696180098)
528 (1.23250107037696, -0.6293154645206032)
529 (1.2884954934101998, -1.2957827943173166)
530 (1.1863823352453529, -1.0526169023196035)
531 (1.2375084128811407, -0.6293773273362825)
532 (1.210942426324365, -0.8405761054302565)
533 (0.9599643392846374, -0.0964077584401815)
534 (1.1455720695126155, -0.5595411842142203)
535 (1.3426651450250664, -0.9211163674449512)
536 (1.0214721197965642, -0.20531046839695904)
537 (1.113916156666052, -0.10743662978711385)
538 (1.1773989477042206, -0.44424370441313843)
539 (1.1139691118632262, -0.5795847903507865)
540 (1.4969469562924365, -1.4464571154190498)
541 (1.1989296190385665, -1.1138909093037013)
542 (0.9596258679051745, -0.2586090587506514)
543 (1.1412206511643206, -0.5422310919088641)
544 (1.1802909888047932, -0.5912487024211236)
545 (1.2975752777474883, -1.1827214538767155)
546 (0.7924192925039099, 0.10272791709792954)
547 (1.011678076024398, -0.2582714231843442)
548 (1.0564366359892565, -0.46404167681565806)
549 (1.1126883601943516, -0.3595899089118888)
550 (1.2620590564959804, -0.8770714895772793)
551 (1.2762903095687563, -0.7564566550765781)
552 (1.1272740465025448, -0.33115293674395696)
553 (1.3170408074214173, -0.7775447628941159)
554 (1.4125183770180771, -1.4923038278595808)
555 (1.1960768472963528, -0.9913760754651031)
556 (1.2052422231211637, -0.7312031485854816)
557 (1.2186305757834026, -0.7036915198728011)
558 (1.2174839164653926, -0.7873271222648667)
559 (1.0722759831620676, -0.2730700665032306)
560 (1.3571383212984836, -0.9396444374755951)
561 (1.1997885009220486, -0.46011050381130447)
562 (1.2749876907454691, -0.21646111386965525)
563 (1.462784002967151, -1.0256482623033034)
564 (1.4480582547682865, -1.5721852445692193)
565 (1.2907316229340893, -0.7138400011608363)
566 (1.4368648836971865, -0.8986811317798125)
567 (1.5315554007679653, -1.9483883089060587)
568 (1.4248673961274005, -1.793886014684021)
569 (0.9888431807460001, 0.1396084157690111)
570 (1.1481098728291608, -0.37032627489403563)
571 (1.084711915356592, -0.08622238276264334)
572 (1.2881581539393765, -0.982623037492402)
573 (1.2325616447145162, -1.0554654513243942)
574 (1.4002672212634224, -1.0037390620708913)
575 (1.410145734577918, -1.4354752706761664)
576 (1.025969009100393, -0.29702299773027446)
577 (1.1717377316668638, -0.5686411493654546)
578 (1.6270573076311392, -1.1554147706012814)
579 (1.227890287412228, -0.4151691158495942)
580 (1.2059440636792085, -0.6574201320387352)
581 (1.342510997153913, -1.0265660210076222)
582 (1.0914567170539757, -0.2858530840480689)
583 (1.3326771686005403, -1.5569454115342831)
584 (1.463797363091738, -2.4490233969041926)
585 (1.2020768453772055, -0.6997693216486888)
586 (1.1831664973289053, -0.6620169881707494)
587 (1.171958080147731, -0.9707775913499979)
588 (1.1419731953211991, -0.42147802399071244)
589 (1.0258492639952559, -0.6121487757311882)
590 (1.2236061283090807, -0.6481088351957038)
591 (1.1638688351208164, -0.9193532633320148)
592 (1.3580402506948808, -2.2302796631396617)
593 (0.9340265734674752, -0.27623506006034093)
594 (1.2345915980558377, -0.9089274411409047)
595 (1.1196786867219946, -0.2863807993346956)
596 (1.0977963101376034, -0.13328187261674104)
597 (1.0477480214969395, -0.3613097737146287)
598 (1.0594360942035972, -0.35126858050241644)
599 (0.7359959387594689, 0.5038672130612561)
600 (1.742743148228608, -1.6413857338829816)
601 (1.9158522524213117, -2.6115197344812446)
602 (1.8778085754998444, -2.231680611263122)
603 (1.7788334355793987, -1.979952489539492)
604 (1.8417247290372252, -2.187484068033186)
605 (1.870510077104055, -1.9030559965236122)
606 (2.1144993971196735, -3.355143012827087)
607 (1.8242980954487342, -1.992568259282958)
608 (1.9951912910716183, -2.8533073540610427)
609 (1.7884982751449165, -1.8252106128964583)
610 (1.474658229391375, -0.8660920003843297)
611 (1.8777165887577871, -2.243438430912531)
612 (1.7801797870299754, -1.7400069667927025)
613 (1.7612143732720549, -1.6002106133824747)
614 (1.753403032096724, -1.7989721736932864)
615 (1.669316661732823, -1.1773619346810973)
616 (1.8143653595796565, -2.413776156678305)
617 (1.8338178402444263, -1.8742072933022376)
618 (1.746443589294131, -1.921975224106648)
619 (1.8016870713155069, -1.8602793287389514)
620 (1.5651520369747143, -0.7602642193888117)
621 (1.45158149500713, -1.159265049388581)
622 (1.4828703023946483, -1.2028027107056687)
623 (1.8050886418682066, -1.9990248241745425)
624 (2.011262608029109, -3.5212194327696293)
625 (1.7499940038773623, -2.135260848480874)
626 (1.914414636117279, -2.482144263863562)
627 (1.803822167218194, -2.0098674498765385)
628 (1.279275340138276, -0.5902908335265133)
629 (1.7845538737527882, -2.326987463327524)
630 (1.8013449258008631, -2.277414015729472)
631 (1.4009882595215954, -0.7396502464610093)
632 (1.216483880284053, -0.19788687474085148)
633 (1.5760670764660663, -1.9548291858035118)
634 (1.36400159746713, -0.7520850339236388)
635 (1.6074476601272203, -2.1279135574666825)
636 (1.8653608025125403, -2.4359151111009947)
637 (1.410907247376264, -1.0409258124014193)
638 (1.4786401641391553, -1.2298980042671364)
639 (1.3041086123867072, -0.7396084516022188)
640 (1.5670139414055368, -0.9606755512777414)
641 (1.3901191772738555, -0.96307201015766)
642 (1.7403341867718591, -2.4043018554711657)
643 (1.4649840725717806, -1.022946840716826)
644 (1.827005132356993, -1.9833459681816588)
645 (1.3060423837979325, -0.7928208140946508)
646 (1.341054102409824, -0.7880298420914683)
647 (1.3726457706595967, -1.1423267257855534)
648 (1.856907876625112, -2.7110596411502086)
649 (1.4943526663279965, -0.9152632689371687)
650 (1.7099870690379648, -2.813247792566129)
651 (1.5057955874598918, -1.550167266048775)
652 (1.7570082272872454, -3.3512740006940787)
653 (1.772154705102318, -2.3700395587614778)
654 (1.363288568198808, -1.2956812502321762)
655 (1.439766319445709, -0.8873768572741605)
656 (1.4634066307194784, -0.8357224793265112)
657 (1.9244566896035997, -2.825891644543838)
658 (1.1468752661480803, -0.08319158528266053)
659 (1.7642269231110257, -2.019220161333933)
660 (1.5888881123540675, -1.7411857574547707)
661 (1.6226682699855255, -1.790561290080079)
662 (1.5810341136528243, -1.4055047527236133)
663 (1.6606738877654394, -1.967473591542767)
664 (1.4809399813606197, -1.6152755374735506)
665 (1.082715971509296, -0.00974896227721801)
666 (1.2974160042791034, -1.123158402744625)
667 (1.28332083825272, -0.8628765269996199)
668 (1.3792533079977254, -0.8219604709616254)
669 (1.4039293436979627, -1.3848619029693006)
670 (1.6307775837672445, -2.363810022305181)
671 (1.6370583862634538, -1.397962083660684)
672 (1.3651206180756144, -0.8448916384622266)
673 (1.7554718912318696, -2.0619591746756325)
674 (1.6773515476751035, -2.125322170292978)
675 (1.84737449833628, -2.747295763741153)
676 (1.1027424923549838, -0.1560925771629455)
677 (1.7894802821031697, -2.6904868000665956)
678 (1.5486812970426467, -1.3346917896394834)
679 (1.3447290383898072, -0.6506798367461181)
680 (1.0372139077643896, -0.049030743356180025)
681 (1.1273990950984742, -0.6498854354741963)
682 (1.099091083483716, -0.3482478546311856)
683 (1.108356464060188, -0.1811496112479262)
684 (1.308953994708171, -1.115203455110075)
685 (1.0304343250652739, 0.17168950996769022)
686 (1.5318377457783432, -1.3923694299635982)
687 (1.283668806305032, -0.6100903084046793)
688 (1.3292335456813513, -0.7861251980314728)
689 (1.273393828435048, -1.2899920700808232)
690 (1.0071505160420642, 0.23167079023966974)
691 (1.476455304451289, -1.927800751872532)
692 (1.2073088696574312, -0.4773819089841094)
693 (1.1071416361103965, -0.4548248625301741)
694 (1.2425033666879206, -0.7401428444238591)
695 (1.2881561341219803, -0.8439234149382348)
696 (1.3304277609821547, -1.2413689328370017)
697 (1.4422670404781137, -0.9984989866280687)
698 (1.6234932254658445, -2.2132682572318254)
699 (1.2059420163114425, -0.5476984449196911)
700 (1.3014635615199122, -0.7211883613373848)
701 (1.098488506254098, -0.21226377515894573)
702 (1.4770348023492264, -1.6709818557766436)
703 (1.5784923443104804, -2.223264036437266)
704 (1.5119550456585855, -1.7764812957057863)
705 (1.144619804249456, -0.24654303478726772)
706 (1.20398371199539, -0.6803762523378616)
707 (1.325503364545286, -1.322985784631358)
708 (1.378641232497549, -0.9146188270336477)
709 (1.1320953663129463, -0.391636641799803)
710 (1.0548451019766412, -0.37339025131374276)
711 (1.0046823048320224, 0.021275966261852082)
712 (1.0076672440089893, -0.016805183149419412)
713 (1.1583324484361814, -0.4453251596991803)
714 (1.2412998764560228, -0.9316162415876963)
715 (1.0154311982718072, -0.5065892619593318)
716 (1.2275217873038704, -0.49159075795548507)
717 (0.9524365216569202, 0.29268534504065646)
718 (1.123804163274507, -0.5424401490409037)
719 (1.2014449019631954, -0.8721116479380141)
720 (1.0257464748183076, -0.26310764237172163)
721 (1.248838740802993, -0.9447089939139071)
722 (1.2295466494647034, -0.19897101532626105)
723 (1.2231411661764826, -0.8346772350467152)
724 (1.0621555875545106, -0.2761840772252419)
725 (1.618542569594223, -1.49380924707198)
726 (1.0419255689051454, -0.46936072950980645)
727 (0.9909762224260303, 0.042259926274561856)
728 (1.3524235833645577, -1.132292930310548)
729 (1.2071443239723652, -0.7096964562186212)
730 (1.4429013525156877, -1.8884195967567705)
731 (0.936421352628251, 0.09981344132703954)
732 (1.0946483966536775, -0.4985077225687674)
733 (1.7293890914526038, -2.977275244394685)
734 (1.2935983707823235, -0.9747568380263062)
735 (1.0487583951773507, -0.24234723649614348)
736 (1.4082487520482516, -1.3583101291358042)
737 (1.06918878306244, -0.4896815152264365)
738 (0.9549400521589202, -0.08013937116759033)
739 (1.2648107061719138, -0.38680406406426826)
740 (1.0219948374876893, -0.5977828284603991)
741 (0.9821679944178858, 0.196033163543012)
742 (1.0220453173932087, -0.2511705748057307)
743 (1.4377102626154137, -1.9764322944350903)
744 (1.3148201534049475, -1.0248705202490351)
745 (1.081650287139306, -0.8623666595515224)
746 (1.0363332094311808, -0.20439033685059732)
747 (1.1610625006035837, -0.2906987553903986)
748 (1.144977294596188, -0.3133034245664606)
749 (0.9098235787333372, -0.3179289218053841)
750 (1.1540709865308587, -1.1165120130999726)
751 (1.1939770179563223, -0.817213409706039)
752 (1.0975015137576007, -0.47352368038365533)
753 (1.148624992111721, -0.3833999846397173)
754 (1.4811205487439576, -1.9936487254796413)
755 (0.9368988288517819, 0.15269523854347306)
756 (0.9714786262332745, -0.33150682408066445)
757 (1.2438924834569245, -0.7138676822260882)
758 (0.9259942203258229, -0.319302577056652)
759 (1.305748645936546, -1.0730859054421542)
760 (1.48340286327429, -2.3812733607642866)
761 (1.3420640826089902, -0.7475439453152939)
762 (1.595317709870272, -2.561625257045678)
763 (1.3386057855265734, -0.7263902316850112)
764 (1.3899041534420427, -0.6323765320147928)
765 (1.4255908392687309, -0.9361326977505361)
766 (1.4952298223191558, -1.1987106110688903)
767 (1.314118340508757, -1.1240942993954437)
768 (1.3369413412743782, -0.9856662113669986)
769 (1.4899729705880698, -2.073453914291434)
770 (1.7299506547183272, -2.617674112090305)
771 (1.0613904592158234, -0.43364822065978875)
772 (1.6831678729258077, -3.143216051211721)
773 (1.0086964582601796, -0.44122069810935804)
774 (1.610809303992577, -2.450085053867669)
775 (1.432792346410853, -1.5567408088169805)
776 (1.6092294397293534, -1.835389708351302)
777 (1.1590206264028136, -0.459701768902822)
778 (1.9048457505193963, -3.7429158381999557)
779 (1.4971503685196426, -1.1771223596693128)
780 (1.034719765039753, -0.6661624812629827)
781 (0.9735719219645094, -0.25955080107948814)
782 (1.2144254780380837, -0.7892319546410752)
783 (0.9945078653672751, -0.5383711348038697)
784 (1.2591381295154465, -0.9249495415174891)
785 (1.1847404205100656, -0.7016513224469795)
786 (1.1671894884597218, -0.9228144849476865)
787 (1.2515231684147465, -0.9768978505060314)
788 (0.9761234487963398, -0.3712456690699493)
789 (1.346247865316605, -0.5987124680364827)
790 (0.9770778712431066, -0.14010436736620863)
791 (0.8794265680077032, 0.1537905068959869)
792 (1.107197372383419, -0.3078822055024736)
793 (1.20847409650643, -0.8065654769529049)
794 (1.1351263030698329, -0.4107975540695565)
795 (1.1507084648804744, -0.9395889895103031)
796 (1.1478402189182682, -0.522007916928458)
797 (1.3457656657034565, -0.9208255150184266)
798 (1.3295681765679208, -0.9987110543019937)
799 (0.8951296786345994, 0.17025770915718147)
800 (2.147637529240403, -3.4061572856935283)
801 (1.8014566707264277, -1.667248267721947)
802 (1.853668789663193, -1.8682297961126901)
803 (1.8347153499305946, -1.8744531856270694)
804 (1.9753653663286277, -2.570388540663479)
805 (1.7176681859839196, -1.3945973884334772)
806 (1.8493855515100457, -1.9235126002905938)
807 (1.9072055359892337, -2.277465478423252)
808 (1.8844246254162853, -2.411183939427886)
809 (1.9580053183357304, -2.7252005732147366)
810 (1.9912065885859584, -2.609726303343818)
811 (1.760527177364555, -1.6450816069771637)
812 (1.924213407775558, -2.428522168797886)
813 (1.8280239878262243, -1.8326571177389475)
814 (1.9363697866836689, -2.516228352972746)
815 (1.866172456115905, -1.950914766257837)
816 (2.03200053810986, -2.8686746954687217)
817 (1.915243041352339, -2.553976873645885)
818 (1.8229393445057251, -1.8387874060399463)
819 (2.043643024171331, -3.0331575602587737)
820 (1.8135342372187522, -1.9791152409674528)
821 (1.8625288131615891, -2.1773064775561233)
822 (1.9896489355917084, -2.735100361570777)
823 (1.8780160782826631, -2.034793365499636)
824 (1.9179976892093862, -2.3530453979346353)
825 (1.8265340241397625, -1.9755385358953432)
826 (1.9596101583029817, -2.429756154882864)
827 (1.8282132675900875, -2.552656636160117)
828 (2.1167049107797626, -3.649243111496029)
829 (1.870063510232734, -2.0753099829760773)
830 (2.1128950047367985, -3.36235450476566)
831 (2.0023566221238585, -2.9607935913727275)
832 (1.6477714968354713, -1.3984873368101158)
833 (1.8871216040424674, -2.1469646839467456)
834 (1.6349282502097644, -1.2743899854724163)
835 (1.7877515261229775, -2.203146713085639)
836 (1.8882917493567315, -2.2429409584435547)
837 (1.882289829910252, -2.1318093209058087)
838 (1.8206289357825882, -2.2370861559110238)
839 (1.9501691459523192, -2.4924280077431185)
840 (1.771303930672061, -2.0678742276232875)
841 (1.745520236824853, -1.7918300094632986)
842 (1.8909430323984073, -2.3128809300220325)
843 (1.7619083436787317, -2.02359838296575)
844 (1.8718221136736073, -2.749995514963964)
845 (1.816950580127202, -2.0879330821248367)
846 (2.1002418385617347, -3.6892111053475736)
847 (1.7262268211350738, -1.6832063227025225)
848 (1.724133166018471, -1.8041056100381072)
849 (1.876989421282257, -2.4793650979281625)
850 (1.7931260458483032, -2.044945148767443)
851 (1.9376317558388176, -2.6528729570355076)
852 (1.8579694726896352, -2.260084124360434)
853 (1.9306126527824885, -2.598035128082867)
854 (1.6990091161665708, -1.5701828108571234)
855 (1.7732687952197974, -2.075942610101684)
856 (1.8413245249443972, -2.1173612757263514)
857 (1.7307890234659355, -1.4915496204441703)
858 (1.6586803720548982, -1.5170010178443163)
859 (1.748860585173813, -1.8217823744845334)
860 (1.6846229256841054, -1.819945578240164)
861 (1.550316711934604, -0.9909491806105206)
862 (1.7552958598020876, -1.8672361556164752)
863 (1.529611452006367, -1.2396204096056458)
864 (1.7355916910142333, -1.924915823526025)
865 (1.62183726050433, -1.3295061057106918)
866 (1.5266677230898325, -0.9400592342076992)
867 (1.6589346462737702, -1.4510639218200292)
868 (1.88740867414766, -2.721797737742326)
869 (2.048304016106759, -3.10014707342992)
870 (1.9773494991040157, -3.1387899326913287)
871 (1.74796961355575, -2.08599757395059)
872 (1.7036981280634398, -1.4458579113042611)
873 (1.5979202568922584, -1.2605054208577218)
874 (1.751936387802718, -1.957300549274707)
875 (1.8272911693661755, -2.4771044430849907)
876 (1.6359862065477955, -1.5954737561100931)
877 (1.8248750992248237, -2.6331973734434517)
878 (1.6940086515466013, -1.4403099453721)
879 (1.9204577260198927, -2.4568098841853043)
880 (1.3840707214553525, -0.7271264174076575)
881 (1.5838113361036215, -1.4200433321659205)
882 (1.746434717040806, -1.8706480333463318)
883 (1.8220802333378245, -2.3296353412305812)
884 (1.5166841314805455, -0.8954968637834076)
885 (1.554922198175351, -0.9859354588826209)
886 (1.5625688950234369, -1.2903341743425485)
887 (1.6809019300471302, -1.8248307277392528)
888 (1.6816819279604347, -1.8785280094899244)
889 (1.74533242115613, -1.9762422803522706)
890 (1.4908290155289314, -0.7804863910083646)
891 (1.5686689733029735, -1.494065897207964)
892 (1.7002740693032685, -1.9935601594649468)
893 (1.3803551070466331, -0.6637453911257666)
894 (1.76088262961245, -2.719350379327013)
895 (1.311122050645847, -0.3427343424998058)
896 (1.6357223438786257, -1.5216537632469251)
897 (1.3605289176281357, -0.6744584569372387)
898 (1.2717225934972194, -0.2682006777033043)
899 (1.669024592327618, -2.04458128030463)
900 (1.775605803277058, -2.304946539239273)
901 (1.5427067332457076, -1.273915180286017)
902 (1.5120569579116758, -1.2886951642430353)
903 (1.5668003954093406, -1.9639565326846555)
904 (1.596914727470498, -1.6690448507361355)
905 (1.4474509243994762, -1.0951533513164342)
906 (1.6940102580858247, -2.0757374180508044)
907 (1.4217753961273967, -0.874217565879177)
908 (1.528412539650092, -1.125229583198732)
909 (1.4171500188717587, -1.0731568406066447)
910 (1.3953743870503468, -1.1490125408604275)
911 (1.454014511890834, -1.095454242242947)
912 (1.2373167998821886, -0.2741866434139997)
913 (1.4131203676795028, -0.7743602996820086)
914 (1.6486156939698833, -1.5278452396220912)
915 (1.528437125318497, -1.2334924131493186)
916 (1.6669764243194214, -1.75723059940987)
917 (1.516447648223978, -1.1517012301204268)
918 (1.7447062819497288, -1.892956680524092)
919 (1.6807464735995468, -1.9027125689134463)
920 (1.7413119233785952, -2.368570083383462)
921 (1.630816735971489, -1.8431131882583758)
922 (1.5003957406942439, -1.0216267683075255)
923 (1.4205445386188014, -0.8976051461435923)
924 (1.5431737658891183, -1.4007695576417987)
925 (1.5390278176983025, -1.4908617551557404)
926 (1.1860040166699661, -0.1891909007300927)
927 (1.5203833968271985, -1.4012590420934945)
928 (1.521914890183699, -1.3983419895870206)
929 (1.5830285296484663, -1.7789160184222204)
930 (1.673083680644919, -1.9974195229086342)
931 (1.504922349121565, -0.9445604949275366)
932 (1.1956551767405965, -0.11375158194244925)
933 (1.2736715023381662, -0.40057388361854546)
934 (1.623927139338354, -1.6091006688379221)
935 (1.5248329156302016, -1.2676486768172128)
936 (1.5426535654797489, -1.4501363638158784)
937 (1.396000221485325, -0.9338816239445853)
938 (1.4162156599305493, -0.9867422157717328)
939 (1.4739852877661805, -1.1812908245896632)
940 (1.6921679415158062, -1.8680525971940112)
941 (1.6117067699770062, -1.7265589767579965)
942 (1.6353931912969653, -2.139392821100776)
943 (1.3675638952367755, -0.6143006247265481)
944 (1.580580313831339, -1.7407023578904757)
945 (1.5890343868225467, -1.513585022676974)
946 (1.6389551537499802, -1.4223590604908392)
947 (1.6103002531130743, -1.3609648920389368)
948 (1.7766746745361768, -2.267646764296156)
949 (1.4912535232419324, -1.472615760465786)
950 (1.5225792777250644, -0.9643893866429569)
951 (1.2281273106121162, -0.29898055407101476)
952 (1.5161479683141184, -1.3499974292403107)
953 (1.3478496969812777, -0.6752227641417328)
954 (1.371303218710132, -0.6441577625686561)
955 (1.4622341972861024, -1.2226909874234702)
956 (1.6864856810964284, -2.102182029774321)
957 (1.3841060685165651, -0.7399665845305783)
958 (1.7904877036500972, -2.6219708294431268)
959 (1.5247503855266245, -1.6321605960267944)
960 (1.480654696344119, -0.9186516704067536)
961 (1.5782290599013706, -1.5171602244135747)
962 (1.8214094821823035, -2.6375581992513517)
963 (1.764657099424971, -2.123003076604045)
964 (1.65966741729962, -1.594730716684039)
965 (1.7436609555480982, -1.9619890739777377)
966 (1.8643608898952762, -2.5165746999739027)
967 (1.7505192511992067, -2.052817863084302)
968 (1.6584801490693657, -1.561478770622244)
969 (1.7056897462891747, -1.9355368968061648)
970 (1.6048430458104548, -1.4988949743197135)
971 (1.524552935498684, -1.5708538851551348)
972 (1.5702029137966504, -1.6799829183422939)
973 (1.735646169171689, -2.2996471692516485)
974 (1.7911241918598966, -2.050744020336831)
975 (1.5843531607759012, -1.4075556367506603)
976 (1.541129959461965, -1.2153807384002067)
977 (1.5621851022606852, -1.4879519527889684)
978 (1.774874835693163, -2.4586901297457375)
979 (1.5749824357634012, -1.2085518897095644)
980 (1.2009855497321706, -0.23191180296461883)
981 (1.2252617185010548, -0.2953754579147903)
982 (1.5865218683653766, -1.5787556878879585)
983 (1.6936280598926177, -2.0418766112595654)
984 (1.3950712608987663, -0.8759777504469562)
985 (1.553466488883125, -1.4350141119100481)
986 (1.6172588946381679, -1.6045446883746828)
987 (1.3865705708022085, -0.9098894032721648)
988 (1.5838819660795969, -1.517977493703674)
989 (1.512026363790641, -1.4245454177824388)
990 (1.3431444615076857, -0.8567673528424494)
991 (1.5288232861924578, -1.0860456593801509)
992 (1.4141390699743808, -1.1379255346761226)
993 (1.3944908883458123, -0.8372416247467049)
994 (1.433316916414557, -0.8225950725793929)
995 (1.3170201643372756, -0.5617478998687241)
996 (1.6798752189555675, -2.3841710076710196)
997 (1.408776378968603, -0.762474558523113)
998 (1.273095759812551, -0.4362871234621277)
999 (1.3665891380196296, -1.0209075624764619)
1000 (2.261047464089594, -4.264942421133727)
1001 (1.893704974450215, -2.1100537835554958)
1002 (2.036787595016944, -2.8242682628037943)
1003 (2.0321879578039432, -2.9021773493705703)
1004 (2.0894376049553243, -3.3844374065027236)
1005 (1.9775470142006932, -2.6976695693549946)
1006 (1.9198778334621618, -2.40483359139765)
1007 (1.8774009158966112, -2.161734380437561)
1008 (2.0231056602484605, -2.793066440739514)
1009 (1.8600756581276827, -1.77020259788608)
1010 (1.9418139209060343, -2.4976742528534377)
1011 (1.9126347609025949, -2.1158663660702612)
1012 (1.8635087172333595, -2.120269317661632)
1013 (1.904820233668825, -2.319302585445369)
1014 (1.8053855490028135, -1.9016622148402589)
1015 (1.9558781489846508, -2.3180587636102876)
1016 (1.983893500397578, -2.8465554082756204)
1017 (2.0244321169785864, -2.8013751903725908)
1018 (1.963441922863113, -2.656824967428372)
1019 (1.873236394188468, -2.022274254964255)
1020 (1.879864347829749, -2.2276212348658078)
1021 (1.7589751096418964, -1.690374567355961)
1022 (1.8850105122629681, -2.277351941007474)
1023 (1.7073884422749268, -1.520037940389023)
1024 (2.0938566290671212, -3.514700394369375)
1025 (1.7577821010713537, -2.0037141039988224)
1026 (1.8218511356921598, -1.9643738335417131)
1027 (1.7004130855220583, -1.448990474522367)
1028 (1.9525025655223402, -2.60316578834069)
1029 (1.7523858232375777, -1.6285324487037993)
1030 (1.9734266647175016, -2.8645476950788047)
1031 (1.8267010617972148, -2.17310989507828)
1032 (1.6083580925466687, -1.3102487849646596)
1033 (1.7509229933353494, -1.6045435592580528)
1034 (1.809704334359601, -2.0415037402267213)
1035 (1.7914762256136205, -2.1059276321934997)
1036 (1.8815081043810258, -2.3528991934498245)
1037 (1.9168971718604744, -2.3820955561102783)
1038 (2.0229570178779723, -2.8323164206752365)
1039 (1.7926237053338336, -1.854381204879295)
1040 (1.8128401163699788, -2.266109423782551)
1041 (1.7776543150248385, -1.8461236521911653)
1042 (1.7956724384062281, -1.9425798050549885)
1043 (1.6112192052753884, -1.136714519147038)
1044 (1.8017754214815482, -2.1805704947880344)
1045 (1.724193577095412, -1.5528135981482756)
1046 (1.8635564169201804, -2.403190022820793)
1047 (1.6452108415171323, -1.4481314483335512)
1048 (1.5879681118744933, -1.2102508506473268)
1049 (1.8482768497367013, -2.1966908460246937)
1050 (1.7619771724125983, -1.9193000003657588)
1051 (1.7479777973861574, -1.671626873988297)
1052 (1.7694460065279807, -1.7596708480986885)
1053 (1.791935761278437, -2.1271231034861193)
1054 (1.7881539914178062, -1.9439703764462877)
1055 (1.8132703195090585, -1.9477630890163906)
1056 (2.048521856250133, -3.10348434943602)
1057 (1.715438979145021, -1.5760886092917166)
1058 (1.7557764238535392, -1.823922911866703)
1059 (1.6076746124050676, -1.1507587890025557)
1060 (1.8237624261913215, -2.3973567884083202)
1061 (1.7095313982716176, -2.048639929641889)
1062 (1.693556939687921, -1.6432014343076489)
1063 (1.6058530345087887, -1.1977233987447047)
1064 (1.599094922335707, -1.239157024439901)
1065 (1.5764146546027398, -1.3365478810082243)
1066 (1.762714281535554, -1.6014085320000373)
1067 (1.630203796612845, -1.430040897402202)
1068 (1.6434096455556257, -1.0669203460499332)
1069 (1.580105432984257, -1.1347512277398266)
1070 (1.8474204404671557, -2.181301597867783)
1071 (1.8090134911427989, -2.3786682496975176)
1072 (1.7873879269842068, -2.2541192630867655)
1073 (1.695914178124088, -1.6384750916701567)
1074 (1.701682902864724, -1.5245146843653046)
1075 (1.5680662951838091, -1.0694999825556748)
1076 (1.7673938322456273, -2.121272881831053)
1077 (1.5783360331949867, -1.324747780019598)
1078 (1.532112954754079, -1.18558852208359)
1079 (1.7832313099153188, -2.094465116908743)
1080 (1.4598457389283748, -0.7891028149185971)
1081 (1.6841836417208815, -1.8616228823442633)
1082 (1.7927238973272623, -2.2311476079888473)
1083 (1.8007508422486835, -2.237112183662243)
1084 (1.519521609324368, -0.7230775534810653)
1085 (1.4537899634184062, -0.8040649099124617)
1086 (1.8922054978923848, -3.017486881927992)
1087 (1.6023327834420362, -1.3858285433192528)
1088 (1.3117134182045258, -0.3657444807691097)
1089 (1.5550342296625672, -1.1781811961564947)
1090 (1.5897159940952494, -1.6245782915073899)
1091 (1.6892276716561008, -2.1827010145350734)
1092 (1.5753424127835998, -1.619835114750746)
1093 (1.5191307477537634, -1.213089930178586)
1094 (1.5417807804111194, -1.2896822032926711)
1095 (1.629320809233934, -1.4836716471490168)
1096 (1.5723918611819074, -1.7324204839334516)
1097 (1.3994271733019712, -0.5500446166527315)
1098 (1.5407259103360629, -1.2728778898032136)
1099 (1.8396971800680935, -2.6579958968278548)
1100 (1.5702359339113652, -1.7597737164937066)
1101 (1.9968311849379625, -3.1496569654271345)
1102 (1.6681887890917726, -1.9723518240986244)
1103 (1.575684243943196, -1.846866941195974)
1104 (1.725901101919447, -1.953602778265091)
1105 (1.6825244401105646, -1.87626359261366)
1106 (1.6114263975622887, -1.6593255092157575)
1107 (1.5809148295927768, -1.2843266780695004)
1108 (1.3865344816733791, -0.674816216427545)
1109 (1.579159953293942, -1.413985836783557)
1110 (1.7455506789437707, -2.005561067965568)
1111 (1.6624825248082198, -1.9621498443201564)
1112 (1.5858469569185665, -1.3061898347420635)
1113 (1.709422909159941, -2.1212659728760372)
1114 (1.526380166230003, -1.267602635741119)
1115 (1.6972288193150298, -2.147240348363488)
1116 (1.7428109580266722, -2.5261608632240007)
1117 (1.5527611112706776, -1.2467481850050435)
1118 (1.660805915656627, -1.9538831455020746)
1119 (1.4683243460735833, -1.0110165185698514)
1120 (1.5453431690462343, -1.6078050390840029)
1121 (1.6354162543418065, -1.7150001941787212)
1122 (1.2102924024417039, -0.27110634948775325)
1123 (1.6279164601201206, -1.7427580885670106)
1124 (1.6575815217893963, -1.8431095609802919)
1125 (1.4111924357151475, -0.8408423796533486)
1126 (1.1762540963174677, -0.16552017413507666)
1127 (1.5619464795939841, -1.5546412224010109)
1128 (1.5885282581259375, -1.7800039514170558)
1129 (1.5059702959657542, -1.024965651984811)
1130 (1.5958339135760573, -2.1615190154991524)
1131 (1.6343791276764357, -1.7338238394407304)
1132 (1.294940171026102, -0.4168593878666773)
1133 (1.7108634188086067, -2.1180825625821935)
1134 (1.592082216018005, -1.177923928986237)
1135 (1.7252957371720727, -2.037524616528393)
1136 (1.5716433026358383, -1.525166685106214)
1137 (1.3850029799423071, -0.9212758354367194)
1138 (1.7923192870361757, -2.044967086119613)
1139 (1.4054610217135044, -1.0923641698982611)
1140 (1.5262983624030149, -1.4467203222971408)
1141 (1.534356838017995, -1.540061178884115)
1142 (1.7169517488422659, -2.2985599309028166)
1143 (1.3411358460594098, -0.4933200751733363)
1144 (1.649268605416443, -1.8640888722605087)
1145 (1.5043758734667951, -1.3099674258762466)
1146 (1.5437285252366884, -0.9849462028347845)
1147 (1.4168180686594631, -0.9672680032877807)
1148 (1.5380219223406928, -1.1876143293680856)
1149 (1.6412827045680694, -1.5122499214014575)
1150 (1.5191816401481926, -1.0042689350780798)
1151 (1.3249080651680971, -0.7043678974232669)
1152 (1.7723353709369984, -2.739110892532754)
1153 (1.6609605616959071, -2.04312593527246)
1154 (1.4990992809076187, -0.919272645512127)
1155 (1.5839927658699644, -1.4029038296657168)
1156 (1.4373000020136808, -1.1158356553316573)
1157 (1.2541900424128658, -0.6336359958542499)
1158 (1.6292811691047557, -1.576241160474803)
1159 (1.3772337551276783, -0.6026377155381251)
1160 (1.6071612433408107, -1.3312147294289152)
1161 (1.4698131782566248, -0.856674511721503)
1162 (1.3356579877862313, -0.40160729843807247)
1163 (1.867380965892419, -2.533969457508111)
1164 (1.7739387334305432, -1.937909262785076)
1165 (1.7189901045422589, -1.9337949751981625)
1166 (1.8564798480564495, -2.5938965006626313)
1167 (1.8250103389710126, -2.77133871441624)
1168 (1.8465580818772327, -2.6493947916242475)
1169 (1.6817382893438237, -1.6916039793181104)
1170 (1.8368397074059835, -2.173922704990963)
1171 (1.7384195256055741, -1.9628022513724244)
1172 (1.6841520752404422, -1.9209710015765027)
1173 (1.6741730973183764, -1.793610546983588)
1174 (1.5927600689510297, -1.2477654095029858)
1175 (1.5575369581950198, -1.3891793424179926)
1176 (1.6870280800800719, -1.5348649340653715)
1177 (1.7390235343880642, -1.7724544725749538)
1178 (1.5820093351837512, -1.5120061974246273)
1179 (1.7598001293667482, -1.978547815003482)
1180 (1.773843419795412, -2.5303877887876514)
1181 (1.495979446598445, -1.0182995085425095)
1182 (1.191668795572081, -0.2350932423592897)
1183 (1.5997412876979156, -1.8480749690796159)
1184 (1.4530875150635187, -1.3976040482903256)
1185 (1.413181447948567, -0.9961899506453786)
1186 (1.4298398857655186, -1.066063836026607)
1187 (1.6001108066444618, -1.9687214195804068)
1188 (1.34893944377079, -0.6953643162990154)
1189 (1.35176240352759, -0.8972399215032146)
1190 (1.4293780726036305, -0.6248892287743486)
1191 (1.4674545429858519, -1.2799314538810846)
1192 (1.6167242943164077, -1.7306736545861043)
1193 (1.4347799619717538, -1.3119639573771036)
1194 (1.595947569103608, -1.849534458224121)
1195 (1.4830648648457296, -1.2668258361563052)
1196 (1.5699118346792387, -1.9368551588493466)
1197 (1.4270890233646345, -1.300436700661025)
1198 (1.2494335535723249, -0.3963171785048604)
1199 (1.3542322876547892, -1.0029856052534447)
1200 (1.9703785499247413, -2.6851184162315915)
1201 (1.8586354147694748, -1.8643135072937063)
1202 (1.862453680719216, -2.0116538181056405)
1203 (1.9745716098165145, -2.353121968164548)
1204 (1.943832502242888, -2.448329935985551)
1205 (1.9766023919216515, -2.570780356820885)
1206 (1.7909336976330388, -1.745844222174868)
1207 (1.9759930182845096, -2.5086697688949364)
1208 (1.9219644290003086, -2.3558471777209347)
1209 (1.7210551675913142, -1.3316386989693954)
1210 (2.079327141303363, -3.1286046843646367)
1211 (1.9745650457707153, -2.5549895186983593)
1212 (1.973133591232033, -2.5471996148142146)
1213 (1.8786909611113112, -1.9867866798032432)
1214 (1.9714311108271891, -2.584390101740251)
1215 (1.8194084141160232, -1.7703664525480303)
1216 (1.9225044970811538, -2.392671160191013)
1217 (1.9985196016683267, -2.7793259617539614)
1218 (1.8928019878241733, -2.1599584999015704)
1219 (1.9711148107811545, -2.4459548551651453)
1220 (1.8862513450846057, -2.305513851710341)
1221 (1.9415153087310777, -2.1515681513861864)
1222 (1.8510834348705458, -2.202588230351024)
1223 (1.8702049690771654, -1.9552198640459015)
1224 (1.8558393703254978, -2.121137788598423)
1225 (1.8185768052687359, -1.8657161612109185)
1226 (2.0567362352544243, -3.1027778632066028)
1227 (1.8411763936081376, -2.022310647661407)
1228 (2.023053711547582, -3.0552073020963846)
1229 (1.7851400932409784, -1.8500237312024566)
1230 (1.8631274854034472, -2.1609467431328113)
1231 (1.8349772342995168, -1.9785808645443708)
1232 (1.991942860413352, -2.708042852572689)
1233 (1.8346417615846295, -2.1553484028365455)
1234 (1.8821267663143442, -2.456687383469776)
1235 (1.7190646591928385, -1.4234126718434816)
1236 (1.9479801584248952, -2.414670192250558)
1237 (1.8764708411304283, -1.9722399502002996)
1238 (2.318055696539575, -4.721078189016217)
1239 (1.9086759770585475, -2.277949891024959)
1240 (1.888402027304595, -2.3990419624076162)
1241 (1.6830717787199938, -1.1140114598356479)
1242 (1.8990903011073257, -2.347543049726121)
1243 (1.7971277654353999, -1.699675873425078)
1244 (1.832164157332044, -2.01105712970391)
1245 (1.951183174281958, -2.5540127982140506)
1246 (1.956119786830282, -2.556049206485061)
1247 (1.7746926753064896, -1.7609327310741256)
1248 (1.8427483750266578, -2.2838952671867565)
1249 (1.6784657126846598, -1.3669797014223246)
1250 (1.7175970303474375, -1.4476390653568594)
1251 (1.9047840532848381, -2.224496449041175)
1252 (1.8537201339078369, -2.176422006410197)
1253 (1.8837453645064508, -2.225088219002162)
1254 (2.016136715279785, -3.177903213964956)
1255 (1.9005757499073366, -2.532371602486136)
1256 (1.670115900249434, -1.7789840954201583)
1257 (1.8126045044863714, -2.1090866137130253)
1258 (1.8052067508409686, -2.13798719329236)
1259 (1.858267621855907, -2.2616346834217786)
1260 (1.740584304572007, -1.7511493303415624)
1261 (1.8107821806934123, -2.06504569897486)
1262 (1.766961420734384, -1.7319729984666845)
1263 (1.6985842431609388, -1.7784977606273968)
1264 (1.9969334140011015, -2.971550769586223)
1265 (1.904654244325506, -2.552133379491917)
1266 (1.7518080645858698, -1.6544572160308666)
1267 (1.6216311385194238, -1.3792414333332024)
1268 (1.702726639569392, -1.7508430775341768)
1269 (1.8258991794572108, -2.304810130217116)
1270 (1.8223853669438699, -2.15920569255488)
1271 (1.8075560144346074, -2.0213357566507417)
1272 (1.6949797089854566, -1.6048805525228758)
1273 (1.966000872237084, -2.9804160882638366)
1274 (1.7653521254743874, -1.9049899905620211)
1275 (1.7511526876089094, -1.702382617250006)
1276 (1.689226165748474, -1.5191272970039447)
1277 (1.9162831171999029, -2.5767950296689737)
1278 (1.9641381896218313, -2.714495823535545)
1279 (1.6795351743905547, -1.568095432088081)
1280 (1.6158283151056403, -1.5783500771154866)
1281 (1.792666015610717, -2.1717232750318316)
1282 (1.7626104097633073, -2.084973207586652)
1283 (1.6306243395458724, -1.6081728869966594)
1284 (1.6662287253007568, -1.6233428612467862)
1285 (1.8194233101353647, -2.336009086969741)
1286 (1.5096551771492228, -1.2905283331912143)
1287 (1.6755042609073072, -1.5118591354153197)
1288 (1.8158599207703647, -2.1088202185757905)
1289 (1.6775423285736994, -1.7144869473721065)
1290 (1.7774875720331993, -1.759502217379286)
1291 (1.6605492489545923, -1.2901390203107566)
1292 (1.601761692467833, -1.7828620353065512)
1293 (1.6496737412902236, -1.4357200209900016)
1294 (1.6185280328691833, -1.3351113792150022)
1295 (1.9650334283346194, -2.9034027206767026)
1296 (1.5096180000132318, -1.1035047031509606)
1297 (1.5260648052609227, -1.2616494755700784)
1298 (1.8168368933332482, -2.7725922004044565)
1299 (1.3979333399117184, -0.501258262625827)
1300 (1.7304518691487252, -1.9619207432132113)
1301 (1.940775846944698, -3.03784308891077)
1302 (1.7042021119540856, -1.8124915035618803)
1303 (1.9206197061480472, -2.641677698988036)
1304 (1.7732975742112211, -2.1329243932959643)
1305 (1.5025502432297235, -1.0284879839587813)
1306 (1.8537299212955667, -2.758101015439286)
1307 (1.5144509280780492, -1.0079747207035412)
1308 (1.503710949575909, -0.9287125600859257)
1309 (1.542166695472387, -1.2302611261458531)
1310 (1.632690880398288, -1.7051364003020353)
1311 (1.8401042019014424, -2.8594793334667017)
1312 (1.7480671122390983, -2.069917725019085)
1313 (1.4778911292452959, -0.8378124036200838)
1314 (1.7286892066989572, -2.1500422080629953)
1315 (1.4550420524165932, -0.7987171922134967)
1316 (1.8216750034959366, -2.556865482541971)
1317 (1.8783621775363055, -2.7583908439036047)
1318 (1.4469675459138307, -0.653933938181708)
1319 (1.7059998792644904, -1.8046892999599378)
1320 (1.903588551728344, -2.890793180477797)
1321 (1.535696946393597, -1.206256525907589)
1322 (1.6086659828917544, -1.7078953364491003)
1323 (1.7024282377700513, -1.94276372351487)
1324 (1.2619557649309412, -0.3039851798746587)
1325 (1.6901250724029606, -1.7770783112366138)
1326 (1.562928884296554, -1.312135539420866)
1327 (1.5999543159213918, -1.512408254187763)
1328 (1.6671029572747524, -1.8627501349078552)
1329 (1.591337505761046, -1.5185100287809643)
1330 (1.6930447958579853, -2.189826736767453)
1331 (1.4243891543188807, -1.048350501812702)
1332 (1.8248537426392297, -2.7538915623790423)
1333 (1.4931540305479531, -1.3992847530688657)
1334 (1.5457037406283805, -1.5590176657513706)
1335 (1.5364005977638084, -1.2529142625146588)
1336 (1.6821885397552243, -2.062453558119965)
1337 (1.704373952490846, -1.8999952742401105)
1338 (1.6981469153470572, -1.9473449685218198)
1339 (1.6956569921790752, -1.6667086515817604)
1340 (1.5963064998504717, -1.5045477915088152)
1341 (1.697035249080487, -1.958575050881879)
1342 (1.8685070362647505, -2.549604216901607)
1343 (1.5754631267483388, -1.450086699891259)
1344 (1.4590145117553166, -1.2663393866444486)
1345 (1.573771648426751, -1.2173139705212628)
1346 (1.7154560289880774, -2.2267008609116403)
1347 (1.4690353183920992, -1.3983876594493863)
1348 (1.7504070593033603, -2.244913573076153)
1349 (1.4682884213544836, -0.884887351884495)
1350 (1.2502849868126105, -0.3243403633942111)
1351 (1.5297804300854896, -1.1766184651567322)
1352 (1.5961020964723827, -1.826494968152596)
1353 (1.5696519376894635, -1.6704207596654368)
1354 (1.7229108740742325, -2.1224621045023637)
1355 (1.451014811760004, -1.0626743020662393)
1356 (1.5732163518598021, -1.9620971313181077)
1357 (1.663246933267076, -1.7008952888657038)
1358 (1.6090130741293895, -1.4658591760975839)
1359 (1.682434102674774, -1.473426407014157)
1360 (1.7901216067782675, -1.8154717290910312)
1361 (1.7140278695633433, -1.7693429364979871)
1362 (1.593523634793528, -1.4520926739353277)
1363 (1.9501120745226364, -3.0064741599807014)
1364 (1.8546835060439406, -2.363666123994402)
1365 (1.691011279051463, -1.8995952110850007)
1366 (1.788856846025667, -1.9874131879352481)
1367 (1.7145090862610473, -1.7718525168457795)
1368 (1.8571996751469966, -2.33966960966487)
1369 (1.8222065075561509, -2.1837231056812563)
1370 (1.6762262246663588, -1.6730721074090034)
1371 (1.8280104972881277, -2.2781318651482176)
1372 (1.7125523753095606, -1.709754756289324)
1373 (1.733416148686195, -1.8728351559002416)
1374 (1.9306750781747384, -2.871839427601071)
1375 (1.581624241197203, -1.3373922950313923)
1376 (1.655330024740659, -1.4621965622373199)
1377 (1.6056141427753268, -1.1990522850450804)
1378 (1.4856001220823531, -1.0853988653193423)
1379 (1.527689674733984, -0.8872184341634332)
1380 (1.4479361557246242, -0.9010714101125715)
1381 (1.6080724192713196, -1.6472276122504703)
1382 (1.5645532716777788, -1.5885480187588936)
1383 (1.6039305035267601, -1.7196610054444468)
1384 (1.6012998235266058, -2.0350343425436432)
1385 (1.5747796865707873, -1.0670363506701397)
1386 (1.6332764694746538, -2.0718678509906097)
1387 (1.56814290601978, -1.5615027771001662)
1388 (1.685651760335969, -1.563462302114585)
1389 (1.4360561302970123, -0.8274395573305936)
1390 (1.6147300885992246, -1.302426442085094)
1391 (1.3923731927262084, -0.8229487486182533)
1392 (1.3822825853289071, -0.6836697954077782)
1393 (1.378925639634545, -0.7212367441737552)
1394 (1.6421853780137932, -1.5553436649258483)
1395 (1.6050241950093904, -1.5201369117501042)
1396 (1.3077453548530393, -0.5179467124781441)
1397 (1.581175078323804, -1.244228417009475)
1398 (1.3847853301889252, -0.5844533037131626)
1399 (1.5364882389452659, -1.353442578788686)
1400 (1.8518602741706989, -2.0849165145462183)
1401 (1.8319005361448664, -1.8176241496961052)
1402 (1.8557923789096886, -1.8877301979367413)
1403 (1.8918668297534869, -2.1754676302939244)
1404 (1.9783682412156498, -2.7106397797610686)
1405 (1.9041558105849674, -2.238834846681604)
1406 (1.976855832471576, -2.4062522987168578)
1407 (1.9112875689212807, -2.237326436657709)
1408 (1.8124488361481867, -1.7020789172974136)
1409 (1.8918558805044436, -1.9759746290771056)
1410 (1.826430381007819, -1.8507917457395133)
1411 (1.807994837473252, -1.627169574558501)
1412 (1.9028903874476146, -2.237706466802105)
1413 (1.948430024804066, -2.3895549907868037)
1414 (1.9820918001178838, -2.7478115223264026)
1415 (1.9919463445606482, -2.618714032287925)
1416 (1.7723551863134683, -1.4972863710160134)
1417 (1.9249033788574748, -2.18230794097184)
1418 (1.8760999995632126, -2.112862773294055)
1419 (1.8181850372316142, -1.7384719560008464)
1420 (1.9311458831324244, -2.506797919835079)
1421 (1.7105899212063216, -1.4706929806808269)
1422 (1.881614078663934, -2.11262003361024)
1423 (1.8206126879178897, -1.902490442621121)
1424 (1.7988008136873048, -1.8355229227336645)
1425 (1.8489528981083168, -2.161267253869538)
1426 (1.9132406152775265, -2.4732186694761746)
1427 (1.8683975996321458, -2.4279581283993554)
1428 (1.9538187818223403, -2.5689597589888487)
1429 (1.9680631317456445, -2.566788173157328)
1430 (2.1088469108160646, -3.358664433024611)
1431 (1.8550718839084042, -1.8812560549852952)
1432 (1.904824138090372, -2.298125342193022)
1433 (1.6126569188692488, -1.240280618824288)
1434 (1.8273932039956022, -2.0768190296787643)
1435 (1.8222457882842644, -1.9092603032290394)
1436 (1.942311482333625, -2.580002360057364)
1437 (1.954502278054499, -2.4326684007639363)
1438 (2.1537901899358487, -3.5509106301868463)
1439 (1.8991490271999583, -2.186717064904312)
1440 (2.013078925978133, -3.0232997899956815)
1441 (1.811854279723203, -1.911808421620209)
1442 (1.7277784437209738, -1.6181117204713544)
1443 (1.9195226504038099, -2.3994765955256763)
1444 (1.9149297393974851, -2.4339817942065696)
1445 (1.7139962668840893, -1.5486518789912025)
1446 (1.9672364204324546, -2.784451920897689)
1447 (1.8367348737748115, -2.091698486819601)
1448 (1.8824330802105438, -2.327598409057789)
1449 (1.854604094444447, -2.215841154514844)
1450 (1.7927166818493478, -1.9677646994319231)
1451 (1.8499201431475758, -2.1633635064595818)
1452 (2.0443309760475192, -3.1467358686853912)
1453 (1.7622829495467685, -1.8588028030775197)
1454 (1.7461223939209878, -1.5684422317193096)
1455 (1.6148962220703542, -1.378557667167468)
1456 (1.7910475198266713, -1.9754788133431544)
1457 (1.826661199906506, -2.1419501845121798)
1458 (1.805413173877477, -1.9319417785769428)
1459 (1.9695245838295514, -2.6326766637202628)
1460 (1.9292827540850852, -2.6150954711246848)
1461 (1.800325105160838, -1.8372214982754127)
1462 (1.7656535496307624, -1.732018245314596)
1463 (1.7778205377636471, -1.7374661706812289)
1464 (1.53759511286317, -0.8056266498245971)
1465 (1.8550869747323118, -2.2950223910320475)
1466 (1.583124184956398, -0.9231268113375716)
1467 (1.7222922767545754, -1.6409656990054826)
1468 (1.7681564584001683, -1.9008774828636914)
1469 (1.7171957940439464, -1.659411068567309)
1470 (1.7326473282437869, -1.5618349959301376)
1471 (1.8365961328596314, -2.205120603531135)
1472 (1.6248629557784735, -1.4151627911638651)
1473 (1.8343005452319572, -1.9490575116314424)
1474 (1.8734236251314313, -2.445225848940641)
1475 (1.6805939853559162, -1.451894361916907)
1476 (1.6018049367612948, -1.1694640140496806)
1477 (1.779496927424634, -2.0601450992836714)
1478 (2.0188586126292485, -3.2095281704691656)
1479 (1.6130052553759782, -1.216179320054108)
1480 (1.6671142584456107, -1.7882058342975855)
1481 (1.634622556035603, -1.2594455522728285)
1482 (1.819894461202956, -2.3595756715105844)
1483 (1.550267914594765, -1.0999323198982642)
1484 (1.6172118817540513, -1.452615822229014)
1485 (1.7751576367078015, -2.269570102806188)
1486 (1.8340503481686312, -2.8160083360460337)
1487 (1.7270008782405255, -2.056514218854255)
1488 (1.808334511661645, -2.4297655800171385)
1489 (1.387424552125173, -0.6896230224423692)
1490 (1.7079124516043216, -1.9650931243086043)
1491 (1.3827103263797769, -0.5877379673265579)
1492 (1.522811692346101, -0.9703217576222698)
1493 (1.7036013957094758, -1.6558878428581778)
1494 (1.6964980397848262, -1.6949387551577697)
1495 (1.495577438801618, -1.1306149341138705)
1496 (1.8020702939612947, -2.223621110872385)
1497 (1.5656116974181882, -1.4055214789183506)
1498 (1.584378258189653, -1.4724714886968373)
1499 (1.6637841370492397, -1.6439348729275214)
1500 (1.6941343388330026, -1.6113497305023132)
1501 (1.782667689363443, -2.0613540344687484)
1502 (1.8478082220581655, -2.662483066498331)
1503 (1.608046310539865, -1.2291880917211737)
1504 (1.5782037563916715, -1.4416008323880767)
1505 (1.624848731545833, -1.4160207038796575)
1506 (1.5690674738418418, -1.181468170156346)
1507 (1.6592517215778178, -1.784226811258414)
1508 (1.6777686934895675, -1.87242240097233)
1509 (1.4836193816167262, -1.1735500053346317)
1510 (2.0142098210159594, -3.278425469440977)
1511 (1.5246457231956385, -0.9921151426418714)
1512 (1.4652128406994436, -0.865765583195868)
1513 (1.366377570404331, -0.7250459547691247)
1514 (1.6513717699983186, -1.6968232905579352)
1515 (1.7793742114594806, -2.1340449170585174)
1516 (1.494806330993196, -0.833919981299308)
1517 (1.600707436916514, -1.481203576121284)
1518 (1.7856550962616278, -1.948730283553346)
1519 (1.6111288712418759, -1.6229394041968364)
1520 (1.4468415084142394, -1.1189258441206378)
1521 (1.8301812723269344, -2.340536212432434)
1522 (1.6592866264454933, -1.9089839713406216)
1523 (1.4954106582344797, -1.0201554439837384)
1524 (1.8414966630174463, -2.76314790577857)
1525 (1.71602212563727, -1.9351352468490353)
1526 (1.46556198518966, -0.9433893106326017)
1527 (1.6059452639945782, -1.4609117576501451)
1528 (1.627371594232162, -1.920194280877683)
1529 (1.6591180949742643, -1.7352523392190218)
1530 (1.985189049516214, -3.469246900419383)
1531 (1.5776476725580062, -1.496865170951995)
1532 (1.694026158111805, -1.7655991989637119)
1533 (1.4887997165741529, -0.9753403757528436)
1534 (1.7809388100916288, -2.703143827558117)
1535 (1.7542717506386312, -2.1582282583840064)
1536 (1.7995591976868521, -2.5852048858776087)
1537 (1.70442760372206, -2.1509837334839577)
1538 (1.2138195005870576, -0.12214464845026357)
1539 (1.4818160707844223, -1.1915125816491183)
1540 (1.4794010732121534, -0.9432850876029231)
1541 (1.4747781593622544, -1.0289998634422854)
1542 (1.641493453887477, -1.5115247792931261)
1543 (1.560881085644031, -1.3460534952134815)
1544 (1.619877885829127, -1.5332215483099576)
1545 (1.8963688760825175, -3.2813770097939026)
1546 (1.7076380843009875, -2.1541001213754547)
1547 (1.7636224468218518, -2.424408247729287)
1548 (1.5238332157138372, -1.290044839183382)
1549 (1.7663150436369215, -1.8881123852464148)
1550 (1.5532882591983197, -1.3312086529400662)
1551 (1.663883827990135, -1.909806586274208)
1552 (1.550719884992951, -1.3748740413823348)
1553 (1.6941627007578586, -2.118697538075813)
1554 (1.4813594596343334, -1.4791986568273814)
1555 (1.6151231776413313, -1.7068324332878415)
1556 (1.935784560454919, -3.885941403739691)
1557 (1.293437725710946, -0.301143468318077)
1558 (1.4525435484724991, -1.1236889202599343)
1559 (1.5862116541255324, -1.18343145954601)
1560 (1.8037519742962866, -2.196836582113095)
1561 (2.038128268817562, -3.601149077515885)
1562 (1.7412192647061673, -1.946860962854118)
1563 (1.774621225758796, -1.974560355792947)
1564 (1.7665253771947624, -1.9994538101539476)
1565 (1.5617985670017944, -1.045270935059242)
1566 (2.0313199736115064, -3.330286858398634)
1567 (1.8649135465018845, -2.3088579886327305)
1568 (1.7494197752279703, -1.9846152109784445)
1569 (1.8159881809189142, -2.2520586888892895)
1570 (1.7870501514557176, -2.491665804735025)
1571 (1.7171768666678535, -1.5265738622769371)
1572 (1.724453163808545, -2.065329610645078)
1573 (1.706490107637114, -1.6741293194176257)
1574 (1.6683705279042773, -1.4545151204831481)
1575 (1.7314426774283067, -1.7827509686450231)
1576 (1.8485924337731332, -2.4953713289634143)
1577 (1.8573447740950748, -2.4120003119929185)
1578 (1.9756010881625026, -3.177729676622078)
1579 (1.6133226015885083, -1.293666710409484)
1580 (1.4621378636027331, -1.1605075635482245)
1581 (1.3928603777296897, -0.7244520656976047)
1582 (1.4619967774296148, -1.2667807664001174)
1583 (1.4821807870833723, -1.180666643405261)
1584 (1.4105524079257639, -0.9436205283928064)
1585 (1.5195629819208858, -1.1724127779445201)
1586 (1.3370561836735995, -1.050625778424413)
1587 (1.5283808341799483, -1.5090821295212404)
1588 (1.5812905809189846, -1.548837157455223)
1589 (1.524264002730253, -1.1140656237094273)
1590 (1.5637589488105659, -1.761746425863539)
1591 (1.5168435178842097, -0.9029701214880314)
1592 (1.4085992767938027, -1.012030037986496)
1593 (1.3761354195260411, -0.5685908027115981)
1594 (1.9937311976343206, -3.6172717492966373)
1595 (1.3005687888273159, -0.4090705156170387)
1596 (1.8649361044057178, -2.658893967772458)
1597 (2.002998846214322, -3.077122716161221)
1598 (1.5390343407333167, -1.0472995011240813)
1599 (1.330802612405947, -0.5799245589875233)