0 (1.9515023831652794, -2.616241468518261)
1 (1.8673398574447853, -1.9848874139329358)
2 (1.7755016593636526, -1.7029812412107161)
3 (1.720247575685921, -1.4889326689899627)
4 (1.8887037743106712, -2.4534923465253864)
5 (1.853142082328314, -2.141807594520171)
6 (1.9170340626635445, -2.42009136823052)
7 (1.890887454912679, -2.3508993582452975)
8 (1.7482222948036386, -1.4745724114312033)
9 (1.9755824189479987, -2.6063306576899534)
10 (1.718487527004669, -1.7328015568251816)
11 (1.9065904625535184, -2.1567996565504695)
12 (1.9840307259904797, -3.1716729562855983)
13 (1.8380229704552815, -1.8206520802068555)
14 (1.8370534014698106, -2.0935507861036307)
15 (2.113755846911002, -3.234471926674932)
16 (1.8465803115247532, -1.9173451935363544)
17 (1.851131351661495, -1.9721530397826286)
18 (1.772170387356359, -1.8841474107240515)
19 (1.8947818483506258, -2.087849964867511)
20 (2.0222159501648473, -2.920743592070418)
21 (1.7322200409589699, -1.322930870347985)
22 (1.8522149036529665, -2.1859532846377916)
23 (1.9337266232252766, -2.484746135262903)
24 (2.331905926372444, -4.503304463836265)
25 (1.6726598704435678, -1.3198362691478733)
26 (1.9925256982313815, -2.9078544896130536)
27 (1.8516204827739942, -2.2705880857693153)
28 (2.0021224034373466, -2.8040172093109295)
29 (1.9782291909620957, -2.499257046249884)
30 (1.9488582857349432, -2.495725507783909)
31 (1.8178068941241916, -1.7738196678697622)
32 (1.8994332427437994, -2.528618591549899)
33 (1.9017869174385038, -2.1996578354557563)
34 (1.9920775888413909, -2.950197620950418)
35 (1.851645929190089, -2.0431139340208384)
36 (1.8169361808570816, -1.9200129676628237)
37 (1.7475622158207456, -1.6058389910809359)
38 (2.004909626177616, -2.9373045381810527)
39 (1.7337534290465062, -1.503948462598795)
40 (1.8933189249370574, -2.5352551836515573)
41 (1.7488242655732702, -1.6892357024523426)
42 (1.9682735204238444, -2.8891995305197415)
43 (1.8595278456979052, -2.2129493965949214)
44 (1.9574734693386548, -2.6106663027933)
45 (1.7958812542744274, -1.8884202085137207)
46 (1.8438108473740025, -2.224117231766152)
47 (1.8612121338044396, -2.2572720870142606)
48 (1.8147146963986283, -2.14771969911143)
49 (1.8480945588307305, -1.9517490305006813)
50 (2.149187250881642, -3.6289187937593814)
51 (1.8059010163057492, -1.8889820432307092)
52 (1.7705099371458273, -1.7646423521315353)
53 (1.6820557960354874, -1.4761558431393804)
54 (1.860847801004449, -2.6904247864015316)
55 (1.9928335665867847, -3.0617469595183584)
56 (1.9739521175325379, -2.713389500660754)
57 (1.9028740073089256, -2.205681769564694)
58 (1.9323470856173202, -2.8494586101088815)
59 (1.8593183096351042, -2.2067122877420626)
60 (1.9342334352654262, -2.5884270252744557)
61 (1.814765197521856, -2.270025425111187)
62 (1.848353634988516, -2.117187337660425)
63 (1.9067336448774583, -2.5633638216518695)
64 (1.9269510543844668, -2.5955441904803815)
65 (1.6801105337570452, -1.4209421498329775)
66 (2.124723582143032, -3.6247284540649245)
67 (1.8047677335454715, -1.9843594328279885)
68 (1.8729149130479512, -2.3303883747526952)
69 (1.6822478051570957, -1.294221783264789)
70 (1.7312094428420661, -1.7272546885334952)
71 (2.0873477717677327, -3.3992805803566615)
72 (1.7992628338153591, -1.9226050122586529)
73 (1.8875901473624204, -2.27431928148225)
74 (2.0779227468062182, -3.449653803903652)
75 (2.093590798034606, -3.397807052278487)
76 (2.1719460187266293, -3.6216830129725)
77 (1.7716513839741608, -1.7860211637521453)
78 (1.7970375072427014, -1.8833735869108572)
79 (2.0624261404759223, -3.1966234512621)
80 (1.785695686005965, -1.8467885477563546)
81 (1.8490879800625224, -2.366501079505013)
82 (1.85601111147153, -2.330415610401652)
83 (1.7835795723017531, -2.018266493078305)
84 (1.8864148084757206, -2.5265138914869736)
85 (1.8977011370056613, -2.407921076738486)
86 (2.0616972885231313, -3.34858300238504)
87 (1.811608174408389, -2.089539002944131)
88 (1.6886586966777546, -1.6708174435592802)
89 (1.8177543515734151, -2.3081294638307117)
90 (1.8573263426406201, -2.403687809407992)
91 (1.735998977460576, -1.8479216410717458)
92 (1.818506329890346, -2.4680015912252524)
93 (1.6333000623272391, -1.7196233490506574)
94 (1.6910299023284097, -1.6359113469117454)
95 (1.891125005565846, -2.845769381181589)
96 (1.7946838665657048, -2.01237442768017)
97 (1.6212393528389166, -1.516114231539313)
98 (1.7304445515927114, -1.7935441016449671)
99 (1.7123857705233618, -1.707804199800038)
100 (1.7748840277559577, -2.176102733760348)
101 (1.6947543094518756, -1.8770274218226244)
102 (2.0022690448419764, -3.2619029964992556)
103 (1.8002317262015042, -1.992777147491208)
104 (1.7665677348250957, -2.1128447387431217)
105 (1.8827209204927962, -2.430765804377471)
106 (1.6804926734021153, -1.6455130210464124)
107 (1.636791080297415, -1.3903221746574048)
108 (1.639573070885272, -1.3299899494096779)
109 (1.6491333964975228, -1.7305435111273582)
110 (1.9191425356437257, -2.866740045355938)
111 (1.5755453469512228, -1.1151198530139113)
112 (1.9238183877221775, -2.7319920326575535)
113 (1.9746640144226808, -3.1223591116872687)
114 (1.8253408888383313, -2.247390293017886)
115 (1.979148304560023, -3.1272413296551806)
116 (1.522080839910802, -0.7791467769094055)
117 (1.8694231505393462, -2.584792990904081)
118 (1.835681670589809, -2.7234809048394433)
119 (1.9105862846641273, -2.7841494648204743)
120 (1.7999686367351704, -2.2903004390152035)
121 (1.6386621168157889, -1.3818857270329152)
122 (1.9327899746640465, -2.750383522127038)
123 (1.6830433362623545, -1.659986774383244)
124 (1.9909056685385005, -3.1936874162482534)
125 (1.6213408830721217, -1.498773417391221)
126 (1.8775967110739882, -2.55393179297943)
127 (1.6130456412453922, -1.3295089500282367)
128 (1.892772054974478, -2.507524840670111)
129 (1.8107091814182394, -2.4655295807839757)
130 (1.8641180857132045, -2.491673640028497)
131 (1.5723697364234877, -1.1998606392957603)
132 (1.8432291588296341, -2.3397298196951732)
133 (1.8146765401061271, -2.372555492378801)
134 (1.5719005507501382, -1.099545079267555)
135 (1.7675838368004775, -2.0850949518127386)
136 (1.8004276820355316, -2.1193108372992513)
137 (1.7997538115376261, -2.094024347311665)
138 (1.8165752794236556, -2.3322177922491707)
139 (1.5747237359131288, -1.3582836100814215)
140 (1.5675934326513565, -1.4100636852564452)
141 (1.541682651891512, -1.3614562710184621)
142 (1.7003286286218777, -1.6587971396087449)
143 (1.6968774178281723, -1.7763901192151694)
144 (1.5464257969455926, -1.3067764925909797)
145 (1.6997861530319798, -1.9089979127026044)
146 (1.874210152835769, -2.3350484741977193)
147 (1.7173858683879195, -2.0861573401412543)
148 (1.8649706897890632, -2.358840514634802)
149 (1.9197545648019925, -2.7061525598867044)
150 (1.4711159131994835, -0.6038233824422854)
151 (1.8792622554792717, -2.4947726134076045)
152 (1.5847501250318528, -1.1405846237981858)
153 (1.7063494618359858, -1.7918683070662957)
154 (1.6797340515823231, -1.7310731676627549)
155 (1.6806549518000204, -2.068669707056847)
156 (1.7234273691835378, -1.916260087839188)
157 (1.4872469242687902, -1.0193527333177261)
158 (1.6180392568359792, -1.4416770973110349)
159 (1.6399070956714874, -1.3154252867244578)
160 (1.949157014536814, -2.747772790551291)
161 (1.7436517568753906, -1.7085540636018317)
162 (1.8611714356602678, -2.302240400536583)
163 (1.9807032191378728, -3.057415029310759)
164 (1.9702642976770932, -2.7995803611039443)
165 (1.67306227642207, -1.8037271570583353)
166 (1.7376651422140672, -1.6451282038701955)
167 (1.909248241241917, -2.539341306547233)
168 (1.8247467974947138, -2.3620929866371054)
169 (1.8468930897324367, -2.4986198984799235)
170 (1.8792967760575154, -2.3333530508367573)
171 (1.7498292420213537, -1.8739911305845869)
172 (1.8685534165808566, -2.3375196544151144)
173 (1.7302748358318782, -1.7210017800257766)
174 (2.0790260347584173, -3.301491997420882)
175 (1.7962884915881714, -2.3114969593914463)
176 (1.848950194371208, -2.2086381825532992)
177 (1.6862620737293734, -1.5239436086833442)
178 (1.809954425563279, -1.908896268164542)
179 (1.6970779320709555, -1.7569111101549593)
180 (1.7400623140343623, -1.9636528108661744)
181 (1.5252504300547147, -1.303307504492605)
182 (1.9963904979339366, -3.0436499871083433)
183 (1.9713649791624577, -2.8276532447525162)
184 (1.7238900024473849, -1.7279333074415375)
185 (1.5994809281597506, -1.5227992455601402)
186 (1.671996892301227, -1.7034061625891002)
187 (1.9380899869005224, -3.069207653524153)
188 (1.8727326544533676, -2.778326299920903)
189 (1.817379681412317, -2.3268458311528386)
190 (1.804971949384212, -2.2979963434510804)
191 (1.7811481995985785, -2.125228345113141)
192 (1.7356225316737393, -1.9565418103301708)
193 (1.594679916427096, -1.6654701039794473)
194 (1.6052208091073383, -1.5346017078567153)
195 (1.8186408496487205, -2.8508451051661274)
196 (1.7347701541557754, -2.1338494517247804)
197 (1.8388331999151444, -2.3574810379953663)
198 (1.8419270107865378, -2.491614298617718)
199 (1.8763044325458569, -2.901407260867732)
200 (1.903064652047655, -2.3773271148685087)
201 (1.94863186720975, -2.577208052127729)
202 (1.819817263506401, -2.0516819329621656)
203 (1.8536110832983226, -1.9061576315634854)
204 (1.815144337824439, -1.8741000343919896)
205 (1.8787215180745847, -2.2568563492262963)
206 (1.7188969894492747, -1.5281406746736852)
207 (1.7447449123233367, -1.5415679253777606)
208 (1.7899506603916444, -1.830737829482488)
209 (1.8591073155722895, -2.125145039396189)
210 (1.8405574444624744, -1.9035088664283957)
211 (1.9655207753907353, -2.7336866590269535)
212 (1.8920172228807113, -2.152624065903498)
213 (1.9117076820830272, -2.314495748217657)
214 (1.7389964472225392, -1.4213318697910102)
215 (1.8935308171774208, -2.1396943224576184)
216 (1.8269411875458998, -2.1001670121044578)
217 (1.8129817775547892, -1.813470711429016)
218 (1.8221612292673797, -2.0000369721279343)
219 (1.8063166010965883, -1.9174592896645821)
220 (1.9011952580378535, -2.544022398315632)
221 (1.8097371279422867, -1.7503634223693019)
222 (1.8053062283590238, -2.1045960264440686)
223 (1.9728341059745036, -2.535429295018175)
224 (1.6079113755706138, -1.0661134919933868)
225 (1.8900899182003366, -2.142573179400336)
226 (1.8631922897569424, -2.275690798284427)
227 (1.8334540116595117, -1.989907235551772)
228 (1.8104033476202548, -2.1191225369625797)
229 (1.761203839439365, -1.6398073500896821)
230 (1.8568636629759556, -2.154838573876965)
231 (2.0046952934334814, -3.154490797798898)
232 (1.9744240207281396, -2.633777323938631)
233 (1.8301849774749526, -2.000845007132713)
234 (1.8285606267645929, -1.962127002553898)
235 (1.844280348658691, -2.205876094347244)
236 (1.8863527925536927, -2.2074829886406695)
237 (1.8578539035177808, -2.2025457674480347)
238 (1.9789741952884874, -3.047587906290774)
239 (1.9300948591358238, -2.312456261984835)
240 (1.869514327243132, -2.452511656661743)
241 (1.7387550409464492, -1.6010637055846715)
242 (1.9550216656845856, -2.822491165812142)
243 (1.7943305368599898, -1.783110830557553)
244 (1.8602106604249704, -2.267073604797558)
245 (1.6034440085872628, -1.0528601063364498)
246 (1.7048053372854024, -1.5451497937916148)
247 (1.8333779763988138, -2.188177419697985)
248 (1.946618848402196, -2.5415969043670987)
249 (1.7687353114229374, -1.6892081312532574)
250 (1.934692021051, -2.8728256467326574)
251 (1.8192510512355269, -2.022219047726206)
252 (2.065097028310959, -3.10788611224893)
253 (1.7626809557555119, -1.663249610919654)
254 (1.7924378614432313, -2.4720147866583924)
255 (1.7454728278564082, -1.6069246009222284)
256 (1.7005036655296772, -1.5877273405492394)
257 (1.8441610843817615, -2.124480420595598)
258 (2.0351318588973513, -3.3323879204857665)
259 (1.817516381928141, -1.8395646317157626)
260 (1.940007941199809, -2.7670335805457125)
261 (1.8783701206581211, -2.2093292812556626)
262 (1.7313430779016326, -1.6388426085371681)
263 (1.6188240174461637, -1.2288525382727913)
264 (1.9533210480116352, -2.8941573702200283)
265 (1.932036262248102, -2.5267373058102955)
266 (1.7482080844663233, -1.5836042140708573)
267 (1.880983079041524, -2.2984981680327943)
268 (1.6420964006478411, -1.3300935257726532)
269 (1.6946198035819342, -1.484526197076041)
270 (1.808688461867367, -2.0169998190100493)
271 (1.8080064001519307, -2.03151056207267)
272 (1.820837625533723, -2.13998286703948)
273 (1.8582663029427955, -1.9850228861712425)
274 (1.7887155171352527, -2.371150302599195)
275 (1.9452926259889933, -2.685314614987861)
276 (1.9760318339123477, -2.7790695836665344)
277 (1.8159314170628522, -2.209403775514531)
278 (1.886790587637098, -2.4624302995854723)
279 (1.7662139452274135, -1.821695775685376)
280 (1.7149852880773324, -1.824860800362094)
281 (1.652380481107952, -1.4483828962819199)
282 (1.8570886953512349, -2.305888528245291)
283 (1.7416355090993987, -1.7399866995056283)
284 (1.9255683541786706, -2.762769526897441)
285 (1.7702954921740937, -1.8010868819185042)
286 (1.8567658550439552, -2.528871472134119)
287 (1.7919761979719468, -2.1862690635536124)
288 (2.1166665255962487, -3.668129510355611)
289 (1.597686152813072, -1.3753255351109988)
290 (1.8636847791135867, -2.4463155458701973)
291 (1.774572085733253, -2.1236225821562056)
292 (1.6354769497578228, -1.6092587334712143)
293 (1.57082569098667, -1.1750657577904564)
294 (1.7913164383518574, -2.298380732957439)
295 (1.704756395683498, -1.8626616879216402)
296 (1.822405150302903, -2.285990887473204)
297 (1.7393886186202931, -2.111064113046578)
298 (1.7790226309572004, -2.161327932023025)
299 (1.5864773917143726, -1.3450912944756706)
300 (1.8800505611437248, -2.48092960196383)
301 (1.7725216350301445, -2.0787064250728693)
302 (1.846397821111424, -2.195953758551688)
303 (1.7976308814595763, -2.262985867737286)
304 (1.7253492720148482, -1.660494280614621)
305 (1.6972441085829908, -1.8206384642327993)
306 (1.8104692758557415, -2.1999105965069132)
307 (1.5199606769764245, -1.118363726319152)
308 (1.7647771096672529, -2.0634210413926612)
309 (1.6069720103592584, -1.4261645382913732)
310 (1.9569674862054514, -2.705019297396954)
311 (1.7532929239731831, -2.2249427439354603)
312 (1.6679051528655802, -1.4202083229503881)
313 (1.753313936353632, -2.150383186685336)
314 (1.7683875837827974, -1.946424809025739)
315 (1.8918269996805341, -2.7599080073065867)
316 (1.7230977358962305, -1.7693663796420613)
317 (1.5570935483170023, -1.3106204045254515)
318 (1.774991730741793, -1.896643800697892)
319 (1.5830572958696705, -1.2712036029687495)
320 (1.791726687419929, -1.9606143110418288)
321 (1.5459978355928339, -1.2042782720309642)
322 (1.7433069879887813, -1.9063723552714493)
323 (1.8704351225437368, -2.659456265644207)
324 (1.7455956000207704, -1.8413403766963758)
325 (1.905242828277898, -2.557959012981383)
326 (1.690144897862828, -1.8302633221563613)
327 (1.6522890230535356, -1.6483533752275679)
328 (1.5927422816028105, -1.223606344680342)
329 (1.655556838244968, -1.5998575947245466)
330 (1.8521695956046242, -2.463681387486866)
331 (1.7060384097073136, -1.8567809708363727)
332 (1.7419722979042924, -1.788787304871631)
333 (1.624768180126757, -1.589330837675124)
334 (1.7020173324097352, -1.6601511804381048)
335 (1.712446153869321, -1.6889449421905232)
336 (1.8092134487192932, -2.217365352273795)
337 (1.620084634063598, -1.417914311637371)
338 (1.6835991448458365, -1.614384458496568)
339 (1.7558725353330311, -2.213924051992483)
340 (1.804088251021924, -2.097713285910883)
341 (1.643326463973051, -1.5870392836641096)
342 (1.7492965954704125, -1.9244452789758275)
343 (1.6166672139496117, -1.3444419408423203)
344 (1.6849277278307704, -1.736781394714897)
345 (1.574227938726776, -1.6819750524461459)
346 (1.9408512514858116, -3.017749004684036)
347 (1.8492885470961955, -2.7764989558752546)
348 (1.702344960197144, -1.7498378602591895)
349 (1.6827192528785362, -1.9613748479498962)
350 (1.9088275694324455, -2.643625561895824)
351 (1.5928832220227862, -1.4558485148625588)
352 (1.6824924542985855, -1.6585007743098272)
353 (1.8403548524094433, -2.4364306747581868)
354 (1.8859215397827498, -2.661977435656499)
355 (1.8876262525652503, -2.697891376734288)
356 (1.5603164172787687, -1.1990493737108137)
357 (1.7056619391195003, -1.726877551987145)
358 (1.6041040683854093, -1.2798866892538463)
359 (1.5570898765359948, -1.2134906262633416)
360 (1.6657671880377323, -1.5340732830060515)
361 (1.7910872747614124, -2.124414780358797)
362 (1.872304793612257, -2.341613515162773)
363 (1.7296063464671587, -1.733367002669453)
364 (1.8948826389618425, -2.356964496320636)
365 (1.4376171668620963, -0.6039561878612786)
366 (1.8479052411404484, -2.104649285482117)
367 (1.7200632551321935, -1.8014752404239873)
368 (1.788360005774948, -1.919173949243453)
369 (1.9164664242827043, -2.715506066095122)
370 (1.8772535476289767, -2.4615135713150296)
371 (1.5045159717489591, -0.7462438663287733)
372 (1.9236517950194207, -2.747990542977381)
373 (1.833395658751846, -2.2706973098258634)
374 (1.957834419227676, -2.6575489280535582)
375 (1.6253797718907457, -1.708199621086232)
376 (1.9197064304375826, -2.622868225596708)
377 (1.719024657238031, -1.7204515715021749)
378 (1.7861319309653867, -2.1050935221748444)
379 (2.0121299098837895, -3.0843415000270915)
380 (1.607718527358606, -1.6283006602830299)
381 (1.7252061331557502, -2.202396089847536)
382 (1.8939980801913878, -2.7034683241682456)
383 (1.478891251619551, -0.9340189548335015)
384 (1.7073293452971305, -1.8380845617575132)
385 (1.7756017378745308, -2.281585120761229)
386 (1.6594756064223226, -1.496274925895135)
387 (1.5318551401617653, -1.245944704597887)
388 (1.695686216061063, -1.576320067688954)
389 (1.7859614119271452, -2.2675455360860997)
390 (1.8233573809613763, -2.661798441089216)
391 (1.6997892738083158, -1.9971193411824875)
392 (1.7314729977766634, -2.0024518229952317)
393 (1.6275428509706726, -1.7550798972036759)
394 (1.7851293404020827, -2.070394081937288)
395 (1.6794423010815624, -1.9306325945191778)
396 (1.8115478244893637, -2.5665352119200184)
397 (1.743495175222821, -2.0105773148044435)
398 (1.6736951295233184, -1.8274946100692002)
399 (1.7390986178611911, -1.8991918923216482)
400 (2.2305738046923134, -4.938620331026164)
401 (1.8036696241287318, -2.3287831389962577)
402 (1.8782151389071462, -2.329889897710151)
403 (1.7877699676435932, -2.0174536843636344)
404 (1.9495254775195543, -2.848569491120147)
405 (1.788166046406833, -2.1543281168263824)
406 (1.9967872265896949, -3.5527196560487178)
407 (1.7552760618911263, -1.688399200209941)
408 (1.8616369142371496, -2.304170509700184)
409 (1.770422572710759, -1.812112986253009)
410 (1.772634136131098, -1.8018739598828883)
411 (1.7100110692355461, -1.678205707043508)
412 (1.9357418267168236, -2.6620819283035395)
413 (1.7412580049258972, -1.9972503345358215)
414 (1.7648435720540447, -1.8424654091979786)
415 (1.7448097312178912, -2.2445360886273096)
416 (1.6807055631932424, -1.4340577310584934)
417 (1.9065341790922232, -2.4022566931800937)
418 (1.8572778063857427, -2.2145757574748)
419 (2.0974126829271027, -3.247932772147668)
420 (1.7760618125768752, -2.0090843603275466)
421 (1.8801465644374848, -2.900929941766648)
422 (1.698660737838612, -1.6286088337280844)
423 (1.7984494777383813, -2.742234599814476)
424 (1.9097613292146105, -2.546557788854675)
425 (1.8635930310190838, -2.3387703428758906)
426 (1.7488673578303433, -1.7038970125555204)
427 (1.2848700974203047, -0.4965553604844033)
428 (1.5167563190433835, -1.3590663391398852)
429 (1.7277396667461895, -1.940811054584659)
430 (1.8263362311106368, -2.17742595189769)
431 (1.397804375787178, -0.5713008470757773)
432 (2.0556753173332205, -2.987671401783994)
433 (1.5392608294103058, -1.192747504109129)
434 (1.7050531554681303, -1.656906594903668)
435 (1.8106853674697159, -2.3802264904135657)
436 (1.7137383714373962, -1.8128818153225579)
437 (1.8585263377306511, -2.486408348427033)
438 (2.0128872512196856, -3.0871825362445664)
439 (1.538755584277395, -1.2684387413867222)
440 (1.7811869398184355, -1.950644442730361)
441 (1.8230451190718233, -2.656493279089477)
442 (1.5245550391950784, -1.4165162511112372)
443 (1.4073776239076952, -0.9642584229568977)
444 (1.4357218392465732, -1.062175543544372)
445 (1.6287421394944668, -1.4832244358005502)
446 (1.8456441408429314, -2.1794509692437383)
447 (1.7541265558931969, -2.0435986418766032)
448 (1.607443844198441, -0.9767937090146137)
449 (1.5150601133801014, -1.4632311549817911)
450 (1.4049943489290442, -0.8461759528126329)
451 (1.1303867728038914, -0.31776280335445606)
452 (1.71660026489579, -1.941146754588698)
453 (1.167778404930965, -0.41673383044569207)
454 (1.7216230559133041, -1.5789394613653922)
455 (1.5748544014376742, -1.3997645253756401)
456 (1.6865958280451419, -1.5029885588304344)
457 (1.1437491715222454, -0.1999806857261791)
458 (1.3696914274399, -1.009284457069736)
459 (1.624708760922245, -1.4898859085478986)
460 (1.4482260512375276, -1.1978371888973218)
461 (1.551764578233506, -2.0821446538680726)
462 (1.9109060353254195, -3.1181587205066217)
463 (1.1326687946854554, -0.13260899976733045)
464 (1.30854094804651, -0.6842906079741871)
465 (1.018914066527888, 0.23646599593561018)
466 (1.232581227269124, -0.523898528305135)
467 (1.5206070349217122, -1.381768030374426)
468 (1.264824598093935, -0.9292301123983964)
469 (1.2994979601354923, -0.8785043394010557)
470 (1.55229207908256, -1.7717423760624167)
471 (1.9577356992377335, -3.5353956647208067)
472 (1.5597266387467819, -1.2613110468281459)
473 (1.1703815532010242, -0.22930082701737356)
474 (1.6137620207012036, -1.0195179495152258)
475 (1.1367979268002493, -0.06778265828804227)
476 (1.9859046090664683, -3.3952395080964757)
477 (1.408319517213833, -1.1911916885009437)
478 (1.859398773076891, -2.2805950141225173)
479 (1.3976605611785184, -0.6702252413538838)
480 (1.8178694347011992, -2.413320037144188)
481 (0.9825068818897108, -0.07018640694458136)
482 (1.7115039251783233, -2.4747240070206344)
483 (1.8779815314664314, -3.2228924168305317)
484 (1.1640987305760782, -0.6029584927291293)
485 (1.276694795728726, -0.8441590626443011)
486 (1.1295294064573755, -0.1971771091863429)
487 (0.9437731367441681, 0.1954858247229593)
488 (1.4041314011238866, -1.5140874240106397)
489 (1.2112310122109797, -0.7270973334325198)
490 (1.6736009077587921, -2.2966556695852187)
491 (1.6557849239697933, -1.9401664318991532)
492 (1.329804714635689, -0.5822102783701592)
493 (0.9885309498685264, 0.06109146265030351)
494 (1.1935166594739361, -0.32290484520333174)
495 (1.1863494679604962, -0.31884674530724416)
496 (1.1657834642149594, -0.34745689797295587)
497 (1.5696110878988339, -1.6581627958378193)
498 (1.3261904930046053, -0.8989882819088906)
499 (1.6930638507046596, -3.0169056520909496)
500 (1.1634815265187541, -0.8458613120502007)
501 (1.5881494270951688, -1.5482401977052769)
502 (1.0934326193951667, -0.6173256420310795)
503 (1.4226868017979077, -1.0034011975607506)
504 (1.5575210201947218, -1.2639088107688135)
505 (1.557083878560716, -1.398839581551778)
506 (1.3671053413867362, -1.2054516357495402)
507 (1.407837017398718, -1.4252410344411959)
508 (1.165520250384995, -0.20227714588060472)
509 (1.2580675645183257, -0.7859062484304632)
510 (1.6829498533341771, -2.1165886622369627)
511 (1.579650421327996, -1.9284559727465487)
512 (1.6469870691295003, -1.6237015977247489)
513 (1.460230703000136, -1.4037438415810715)
514 (1.4120506485513153, -1.4962125037814828)
515 (1.2405524494027946, -0.5379409529858762)
516 (1.830378438080525, -3.9665276590448757)
517 (1.3502974989038485, -1.604325989953027)
518 (1.3677294678313536, -1.7341909275388252)
519 (1.301676444950957, -0.9051504279143174)
520 (1.1257828930271383, -0.24836969170348025)
521 (0.7838706772623365, 0.24829476746651696)
522 (1.559304772864772, -1.5128091160776427)
523 (1.5600902956309453, -1.8852624965215319)
524 (1.3129984164975093, -0.8619051407359758)
525 (1.3238457377898813, -0.9205049523960517)
526 (1.850242400277194, -3.0880712156892467)
527 (1.1382574231166696, -0.7117760900092224)
528 (1.1522037034369845, -0.38020319747032827)
529 (1.1924076920506579, -0.7347401013824548)
530 (1.0371817077195153, -0.2560900545494972)
531 (1.2112021454020494, -0.7136861178909633)
532 (1.1340514469110923, -0.6284076387627772)
533 (1.3039119952426406, -0.8455286274675228)
534 (1.277721613748165, -0.9962389302137838)
535 (1.3508120678833286, -1.4144514550358869)
536 (1.4134436452544241, -1.7252330600715804)
537 (1.6611948957023508, -1.9007870560980777)
538 (1.0899556006645965, -0.3029096022993152)
539 (1.0474566482631056, -0.25676684643175757)
540 (1.5199741996574967, -1.0090363947155823)
541 (1.236234108065379, -0.5862547236633303)
542 (1.1366369092793571, -0.6220298559164423)
543 (1.1188703335650463, -0.7600460447665144)
544 (0.9880318421560703, -0.18073750594773538)
545 (1.3951624714738156, -1.1879744500154525)
546 (1.2717329536738822, -1.0611098458353072)
547 (1.3286712780382102, -0.827802889131089)
548 (1.6150111645213991, -2.2262919936741814)
549 (1.0582823955391765, -0.8202793759288944)
550 (1.2487925014753485, -1.1395410823616046)
551 (1.2257868025045753, -0.7229116250131116)
552 (1.1659415469895822, -0.8203477245958439)
553 (1.5448972564367518, -1.4135304388238557)
554 (1.1354941393760012, -0.3989697509907719)
555 (1.0108090261124656, -0.32778832105231337)
556 (1.697985447500574, -3.0617820642016316)
557 (1.0542713473930438, -0.4338509511586467)
558 (1.183396698284783, -0.597642985060924)
559 (1.3533018244192505, -0.8729289861648118)
560 (1.276755899198319, -0.714100177411143)
561 (1.7824102071999495, -2.105347296525837)
562 (1.418702383262291, -1.4704261181124023)
563 (1.4959155585928816, -1.4252471782016967)
564 (1.9429390692004882, -3.0035680885062037)
565 (1.2363973838380666, -0.8064487772129654)
566 (1.8827837952404753, -3.4144612149986604)
567 (1.7009187059325213, -2.2980502567805523)
568 (1.011487654822757, 0.06473041966590692)
569 (1.6587624793708533, -1.7187226451363609)
570 (1.2812980194231354, -0.9148264871745238)
571 (1.4855691519182903, -1.8355183898129992)
572 (1.3887493689287866, -0.9530942369095283)
573 (1.4964140847786656, -1.632749558128324)
574 (1.0788285194076594, -0.1847394209400515)
575 (1.3179203333102285, -1.183919410138121)
576 (1.5347763966258623, -0.9633087371725294)
577 (1.4582039857978253, -1.2379199718406861)
578 (1.583182607046282, -1.676612415918879)
579 (1.0779439784035532, -0.3608022253633226)
580 (1.719284710217875, -3.186339182023551)
581 (1.0519878182569893, -0.45123756403642556)
582 (1.2789912893884756, -1.1020859576522752)
583 (1.1087067592814592, -0.5131076722925206)
584 (1.6345608742978275, -2.2707130759161234)
585 (1.365784016232451, -0.8990234660519782)
586 (1.3699861874253227, -1.2587128071692781)
587 (1.258436069054015, -1.0094352837924545)
588 (1.5765065743809805, -2.848377914970067)
589 (1.5047794218032424, -2.2378289604232497)
590 (1.1795753402618994, -0.6202498354604524)
591 (1.1165649172752132, -0.47538908194974233)
592 (0.9740873828056831, -0.9164810179299607)
593 (1.1227440556814987, -0.8556210111731478)
594 (0.981889041127624, -0.193537256570228)
595 (1.1004183442426727, -0.48840079674748715)
596 (1.228251667204588, -0.9754682485034916)
597 (1.4405917355629647, -1.336273293309376)
598 (1.1927380941182317, -1.6688153069785394)
599 (0.7586290489381649, 0.379672534271751)
600 (1.7007534391352825, -1.6260079821687576)
601 (1.6647962864449388, -1.631621714182027)
602 (1.9356897756743274, -2.3852380082380087)
603 (1.729572319167672, -1.854536980581395)
604 (1.7890570556562055, -1.9753613431868902)
605 (1.7690017741036805, -1.9394961189675752)
606 (1.7886219996509205, -1.7826225014667523)
607 (1.7690525774474763, -1.6705653982084014)
608 (1.7449506360329954, -1.8551210034916892)
609 (1.9425124384111911, -2.8575316769589967)
610 (1.871169216542378, -2.4654054558293144)
611 (1.5659875655852526, -1.0877296710513424)
612 (1.7647965232618479, -1.7398125931500963)
613 (1.534188820661608, -1.0975790344235885)
614 (1.842110876108478, -2.265586540323739)
615 (1.8082300089694392, -1.8521459711240602)
616 (1.765028203154225, -1.5553048957061593)
617 (1.6916552265325295, -1.930488921658971)
618 (1.707308967880023, -1.8343897614727538)
619 (1.84286836061023, -2.5638703124594513)
620 (1.7913541323647522, -1.9792032963617645)
621 (1.6473905410497522, -1.6107507646407178)
622 (1.7866027728334533, -2.093088267972723)
623 (1.5626685414952126, -1.3462751238103958)
624 (1.7224926188624914, -1.5895165851536892)
625 (1.8466512972998106, -2.0869679442934395)
626 (1.78058919589606, -1.7292279329801015)
627 (1.8950513096375998, -2.5432144847975278)
628 (1.8533056864677997, -2.1559585762922944)
629 (2.0164413710751763, -2.798594587989848)
630 (2.034403150236172, -3.2055224321051896)
631 (1.8093912122189624, -1.9107797428865279)
632 (1.8559647971162523, -2.3971965920108365)
633 (1.8312275386160843, -2.2688396049608435)
634 (1.6954604166107186, -1.4330891074157222)
635 (1.6585711426309997, -1.0928543797877253)
636 (1.6297288635442024, -1.314541244502319)
637 (1.5698260131880928, -1.7427968842965564)
638 (1.7911644084593703, -1.7461667827615635)
639 (1.9330587153284677, -2.6544559462496036)
640 (1.8057234831597342, -1.9492855498622028)
641 (1.3927221430499437, -1.0960865866995435)
642 (1.869694032093462, -2.2244839142155945)
643 (1.623818948482451, -2.231944499412415)
644 (1.4359394852342753, -0.9613771424752601)
645 (1.7229754061125233, -1.63518302915363)
646 (1.4154508809258457, -0.9287715445910304)
647 (1.7614676329377639, -1.6982601534693524)
648 (1.828480514221795, -2.0870205789756393)
649 (1.496638067269101, -0.9100215569095391)
650 (1.6856174338092706, -1.5891083563609225)
651 (2.070798109937718, -3.7587162430037915)
652 (1.5326024264304507, -1.3561925729693165)
653 (1.6011145594803222, -1.266279611207665)
654 (1.7163018631465914, -1.7597166442624432)
655 (1.237487271161464, -0.7422491714588079)
656 (1.7707875191509148, -1.92987574793474)
657 (1.4703520148957214, -1.0647821255298782)
658 (2.0854735713571673, -3.5729955112910186)
659 (1.704525629865837, -1.9598960259195968)
660 (1.9460278642603275, -3.3560266353004375)
661 (1.6448258075185065, -2.1743055520556864)
662 (1.6201424436612115, -1.8502241650392521)
663 (1.8446273311389254, -2.2642979126725273)
664 (1.8373915069935887, -2.649681679655369)
665 (1.584022746743279, -1.2635877773324813)
666 (1.6775305204071829, -2.073789598537067)
667 (1.5632483992579176, -0.9476936617279912)
668 (1.3120555362955988, -0.9987396452364189)
669 (1.1983535088750836, -0.3622216083013319)
670 (1.659665478593087, -1.5836986317867192)
671 (1.5798932395694736, -1.5643572523149938)
672 (1.7131424062414635, -1.745152250213523)
673 (1.3236307240303884, -0.9457069550008544)
674 (1.3858342521224138, -1.1398873551759034)
675 (1.5574782829201783, -1.6323068052162795)
676 (1.6038183944907751, -1.4727753398231977)
677 (1.9366696654291693, -2.5597576868769734)
678 (1.4686308149878993, -1.6063309364555791)
679 (1.2751618861745313, -0.9505986273733521)
680 (1.2289860876051928, -0.4001614182840852)
681 (1.4170486381043692, -1.2674564242228847)
682 (1.336683388435294, -1.253699254661157)
683 (1.5606745962475521, -1.3319508664222581)
684 (2.0104191616334157, -4.115694468387871)
685 (1.2943671908770669, -0.897291651221017)
686 (1.5976532917718944, -1.6553202002153562)
687 (1.4386050979643101, -2.1497233396060738)
688 (1.106078732557927, -0.5846021221756955)
689 (0.9970986604033923, 0.04885600132854467)
690 (1.3644808336473153, -0.9453352104563341)
691 (1.133693866811582, -0.35566247711771976)
692 (1.616152562472379, -1.5599028145348035)
693 (1.217747480562341, -1.2354568361969243)
694 (1.4974338598395922, -1.9632183695303294)
695 (1.3646058630655034, -1.240823066684828)
696 (1.4745331168037215, -1.271306480634072)
697 (1.6914630798652053, -2.40851555218089)
698 (1.492328011596896, -1.5275195445912753)
699 (1.7214666849110232, -1.9611168688842802)
700 (1.6310186910565936, -1.3431468559007187)
701 (1.618882782541316, -1.5173630986082633)
702 (1.5462331226106427, -1.8082447546374343)
703 (1.2243272018521332, -1.0647796052003187)
704 (1.0986720408864699, -0.739030040589749)
705 (1.6949992003476173, -2.2568359172043455)
706 (1.7317014672721778, -1.9980807977410993)
707 (1.4279435338776822, -1.3356582506063914)
708 (1.2961667899850144, -0.7739431523350462)
709 (1.1360203919366858, -0.4293156005659329)
710 (1.2465636308616381, -0.483288151144052)
711 (1.4338761197966061, -1.5471128436793087)
712 (1.491269305384491, -1.9029638602565242)
713 (1.4713381658830342, -0.9595417285652078)
714 (1.4954910213118389, -0.8175169416927502)
715 (1.3613739708821824, -1.098427878018891)
716 (1.1769543727052298, -0.49578653924063526)
717 (1.069535441457619, -0.07080617880492132)
718 (1.3893673591943885, -1.0495546243720397)
719 (1.0324659552508002, -0.09565252568636955)
720 (1.1648096551295057, -1.0595930291810252)
721 (1.220565631482718, -1.3794977794093062)
722 (1.1788033133499627, -0.7570842829528687)
723 (1.281142537730118, -1.1347318119626657)
724 (1.6494463545854527, -2.307885989598775)
725 (0.9642638241942563, 0.08801865686200172)
726 (1.320557260587904, -1.1212911501720004)
727 (1.6452406496778278, -1.6688301881727359)
728 (1.339506610651834, -1.4550677612910552)
729 (1.728860872292267, -1.953926952257735)
730 (1.1512008400041585, -0.6954128728893681)
731 (1.1019111193991538, -0.4118511565954144)
732 (1.1814216134541529, -0.7039694787574441)
733 (1.7206943353707864, -2.16773440878632)
734 (1.6403581455525924, -1.619287649391528)
735 (0.9754346159356614, -0.07633570288682298)
736 (1.871979976241236, -3.2816109214611306)
737 (1.698857704391867, -2.3974031173575705)
738 (1.5800086091727878, -1.2335497288148585)
739 (1.2307386276350252, -0.9945256912327921)
740 (1.4603898580722767, -2.1772536593025116)
741 (1.5315663987471877, -1.8812039206280047)
742 (1.2019450279050834, -0.8529604675400768)
743 (1.04887349019885, -0.5311700134709921)
744 (1.2974969921737627, -0.6494798928154952)
745 (1.3568947829014086, -0.3824360694846491)
746 (1.1378683675260444, -0.9211724532417985)
747 (1.6974666551692956, -1.7578079273740463)
748 (1.2311779249048984, -0.7290380978228767)
749 (0.9649197932244697, -0.09468817278961314)
750 (1.062651851026806, -0.2209502757312562)
751 (1.447311714140771, -1.3530483718498953)
752 (1.2521349693221724, -0.8078211080368405)
753 (1.3229750714910975, -1.2423987254047204)
754 (1.1400318211817764, -0.45031669569864485)
755 (1.2415660193125582, -1.0623678643831413)
756 (1.1380717090942705, -0.27819924940817603)
757 (1.551197428972262, -1.2012117004472906)
758 (1.0616139375503093, -0.7598845502339611)
759 (0.9848531946577138, -0.24794223885289832)
760 (1.806528252896045, -2.390685108295925)
761 (1.5721626822484631, -1.119832847139079)
762 (1.6375358484063183, -2.335741602229896)
763 (1.6919312082335736, -2.487240790812525)
764 (1.7900156201607826, -2.2229285492553643)
765 (1.8411084621852636, -2.242706228948302)
766 (1.7448724018830795, -1.88187177168214)
767 (1.6549659306270905, -2.6860320329697993)
768 (1.2130076828555894, -0.45388024379320363)
769 (1.6229037095495098, -1.719477670298288)
770 (1.3315491882870425, -0.8052067533809361)
771 (1.0275108579265686, -0.26276148224970286)
772 (1.7640665413551522, -2.2982123834459838)
773 (1.7285037050089678, -1.641315750910769)
774 (1.9837460215810299, -3.962517115392379)
775 (1.7306507478979016, -1.837818211332896)
776 (1.6552911827573684, -1.5276896961436417)
777 (1.6848613103942496, -1.8007914545726973)
778 (1.3048603005149615, -0.7156284072236193)
779 (1.4411144352891603, -1.0008764695770171)
780 (1.1547050610536762, -0.6508758089134595)
781 (1.1310364732041769, -0.689518463961031)
782 (1.8374431891875942, -2.956806686513052)
783 (1.1806412634601446, -0.5848537560639762)
784 (1.1476861737140707, -0.4196863528200399)
785 (1.2041452726781334, -1.074164608120448)
786 (0.9229576660030503, -0.02970500542672367)
787 (1.1828935183683835, -0.8951581606316986)
788 (1.1311778872304976, -0.6051667066671312)
789 (1.2479886843169177, -0.7183321731649491)
790 (1.4377122131978535, -0.934644167959936)
791 (1.1049702396918737, -0.5182002613840128)
792 (1.1294875702780975, -0.9213678607500402)
793 (1.209703263326102, -0.7322387895892973)
794 (1.1206688595528167, -0.3793745149435682)
795 (1.1897535599396274, -0.6463744462581203)
796 (1.2960313386770865, -1.4312610259401142)
797 (1.0323304178596109, -0.7328970590550372)
798 (1.6259817093147777, -2.2253125034997954)
799 (1.0212616093056754, -0.4629920073176922)
800 (1.774287357149161, -1.665576736799541)
801 (1.9194251310547423, -2.2929456894153186)
802 (2.101426561107773, -3.953013961889135)
803 (1.8407309074587597, -2.067745639146938)
804 (1.881244302911978, -2.451577811868769)
805 (1.9120264095028876, -2.3349433404681355)
806 (1.883458738150581, -2.424105422638317)
807 (1.8628595869163795, -1.9922086683758375)
808 (2.2494798388761374, -4.6238972836240935)
809 (1.7988629814083432, -1.6726008410081312)
810 (1.7603035327386893, -1.7681632896775905)
811 (1.838262038986695, -1.906912657761765)
812 (1.826099414003201, -1.9675027155150489)
813 (1.911456226866014, -2.3253003909871235)
814 (1.8473906485139997, -2.172155798273302)
815 (1.7858279312969685, -1.7825017785339607)
816 (2.1744119857529545, -3.718593621403674)
817 (1.7838714258113224, -1.5763412857849641)
818 (1.9010218352878545, -2.294623211670611)
819 (1.7613587127442991, -1.7018538253505957)
820 (2.0345296133801454, -3.1387316996887615)
821 (1.8231076109559494, -1.8773708131771953)
822 (1.6851069839413517, -1.5186817834428472)
823 (1.7901314858024566, -1.842807779741156)
824 (1.890579967866733, -2.1671975281089444)
825 (1.8795553623201982, -2.176861010431199)
826 (1.9390439799986128, -2.5988443385537994)
827 (1.8324306476800614, -2.2443916246330624)
828 (1.8605525543840042, -2.4055977526561385)
829 (1.9649550969433147, -2.535258873768048)
830 (1.9913690145709193, -3.0661995016921746)
831 (1.9497089331160555, -2.506386285460307)
832 (1.9572629335391563, -2.653618457032753)
833 (1.9340480861688691, -2.547805063456767)
834 (1.7893212118988728, -2.0794448079207)
835 (1.7035433858751503, -1.8168480257756883)
836 (1.7786103494935595, -1.86879479186257)
837 (1.9138802738910987, -2.423148286093387)
838 (1.9779772955417323, -2.917157975291037)
839 (1.926528375555367, -2.4425433532169953)
840 (2.010793608297568, -3.2498352414900222)
841 (1.6053409902320566, -1.1641370123718604)
842 (1.8456212299292623, -2.2650514821701844)
843 (1.8468551965414595, -2.1782087282073754)
844 (1.9358013967246905, -2.783078827144433)
845 (1.8997347337505723, -2.7840029743154178)
846 (1.7612681970729565, -1.862960757241809)
847 (1.8354146630633579, -2.057057349775492)
848 (1.8937070896922226, -2.636860582175101)
849 (1.7500463479481636, -1.6821172946088665)
850 (2.023469793292197, -3.2365258764500022)
851 (1.7174924896800714, -1.8339502854219225)
852 (1.9870154097059982, -2.8000413833204503)
853 (1.9277905877706896, -2.6315671875890843)
854 (1.9790415572164066, -2.6637113686657505)
855 (1.7384619797703447, -1.7416730351888658)
856 (2.038348575614964, -3.2953499125853094)
857 (2.0127808704338075, -3.2338553170438042)
858 (1.9082962721471513, -2.6224459075143165)
859 (1.7714042396326177, -1.876454146713878)
860 (1.980372698982005, -3.015833162339764)
861 (1.725358883959253, -1.8840683536965546)
862 (1.9902881936473455, -2.9135513020335613)
863 (1.918646170599812, -3.015584850805858)
864 (1.7375731153753646, -1.9428354191057848)
865 (1.9690272733557637, -2.6925197829828993)
866 (1.833128458715566, -2.4888993095958765)
867 (2.074578943458587, -3.7592090615768585)
868 (1.9430809831269986, -2.7217750765789264)
869 (1.7661968141849778, -1.9661494397613015)
870 (1.7316407339546103, -1.76619742693326)
871 (1.858841033139131, -2.177887637681389)
872 (1.7560737191643387, -1.8572841463729108)
873 (1.779605252012805, -2.1715863149568824)
874 (2.0730847311230227, -3.4174484855245266)
875 (1.7603544731302099, -2.0287351728610075)
876 (1.977577048589107, -2.9207709097406034)
877 (1.7152567537542396, -1.8886761806215608)
878 (1.7052269235286122, -1.6771298889615212)
879 (1.9175150864014692, -2.6766801673525977)
880 (1.7362943371882174, -1.8390090883406183)
881 (1.675442716324214, -1.7306464416237985)
882 (1.876129108802554, -2.540316561115565)
883 (1.5512409686846174, -1.18647675004905)
884 (1.8429006514536024, -2.3227099135950886)
885 (1.7607353463110378, -1.8920947817417078)
886 (1.8679454038990602, -2.3618439967683598)
887 (1.838439540757128, -2.3590100199847766)
888 (1.8646889867931076, -2.4909524202353497)
889 (1.648238209108884, -1.815400157975971)
890 (1.7647452829506887, -1.967808281013326)
891 (2.1231608135069857, -3.948171538928681)
892 (1.719878446966241, -1.886282438961554)
893 (1.577605100076158, -1.407312117362821)
894 (1.5506007165809699, -0.8008044143032058)
895 (1.4822328084717842, -1.3759787397034884)
896 (1.8502697119443294, -2.3756519975886503)
897 (1.8422812332166973, -2.5703096256155304)
898 (1.6857468790137942, -1.653523945295233)
899 (1.691353213586313, -1.6482011163437915)
900 (1.7266231100517937, -2.046098314370666)
901 (1.3040315324249008, -0.25652424825108483)
902 (1.7473612261828295, -2.056875305911844)
903 (1.7099180046320144, -2.1819616986034887)
904 (1.8794907623956159, -2.626134912399478)
905 (1.6521822621302173, -1.6417361266554455)
906 (1.7242216379581194, -1.9405417528313333)
907 (2.005817973341091, -3.1393085765643383)
908 (1.7432597534127006, -1.848231967431132)
909 (1.8608526204403133, -2.74017519507439)
910 (1.6920658383589697, -1.5253726521875024)
911 (1.5121803574604784, -1.1708807470060292)
912 (1.6678796493532233, -1.413375033910144)
913 (1.8063075850178012, -2.904734237895916)
914 (1.4583199747644926, -0.9398291538195893)
915 (1.8054270642683579, -2.3196042692939995)
916 (1.2094037459667273, -0.1905459075889452)
917 (1.4362077752782347, -1.482994025187172)
918 (1.72980568965889, -2.003264063603492)
919 (1.7107325579435735, -2.0551155641727097)
920 (1.4462150370651932, -0.8447886154793885)
921 (1.7157808822066116, -1.9416539065671854)
922 (1.7396784087661865, -2.10683435570554)
923 (1.9398189184315788, -3.263171629020811)
924 (1.7234988124890702, -1.9736736286414553)
925 (1.6553574229119588, -1.8524139195005194)
926 (1.7380572358860198, -1.9176446081456413)
927 (1.526441571215081, -1.231047278507796)
928 (1.5630883308915373, -1.230181042666626)
929 (1.6206443712001055, -1.570075095857146)
930 (1.4723647061558212, -1.0018802267050964)
931 (1.7522194916072273, -2.327694225047755)
932 (2.158017384044583, -4.044373108434236)
933 (1.76033691013881, -2.3745121502480795)
934 (1.542886800870985, -1.4226517881932654)
935 (1.7646078632649949, -2.125927250282809)
936 (1.6852609384091726, -1.763482829312974)
937 (1.4736048842081193, -1.2168877808774146)
938 (1.5236636505557086, -0.9863275952726458)
939 (1.46891656533762, -1.0731725729189032)
940 (1.801189999191338, -2.28926523270641)
941 (1.453727940473629, -0.799041616417744)
942 (1.6481603082403213, -1.568093629658705)
943 (1.7803976741331153, -2.428804050100594)
944 (1.6849350879710865, -1.9764996207744545)
945 (1.7955927745318931, -2.51051846145751)
946 (1.66057886266465, -1.4650756055648024)
947 (1.6460095003979014, -1.9040337299818115)
948 (1.578673936377593, -1.148715837571924)
949 (1.4112942970707205, -0.7999316688397822)
950 (1.5301429692986561, -1.2946283823324989)
951 (1.6042504117508956, -1.3766697004297122)
952 (1.5803276659067598, -1.1475470555898954)
953 (1.4327458443324306, -0.7871753781191083)
954 (1.8284943037255277, -2.3520306311764703)
955 (1.5452299131840286, -1.6700193951973143)
956 (1.586568039111894, -1.3341971983873553)
957 (1.4852792561598545, -0.9835367486912029)
958 (1.6527156174051525, -1.3894249513990227)
959 (1.4153657542413323, -1.0732429046939012)
960 (1.7116472922814707, -1.682775521740814)
961 (1.7976851916470886, -2.3710080161379996)
962 (1.8026149607362167, -2.175139541302701)
963 (1.565193054299597, -1.3630794848345678)
964 (1.8850127661141782, -2.5807833890356444)
965 (1.5491279453574511, -1.0133533651434399)
966 (1.8219877684362626, -2.132775597392739)
967 (2.076882164948848, -3.590295356314757)
968 (1.7935692338359965, -1.9329115873524716)
969 (1.9851869143556515, -3.152981195758834)
970 (1.544508136904727, -1.2202242006221224)
971 (1.8605474371801056, -2.537325337843984)
972 (1.7318953135117419, -1.887299482450844)
973 (1.8165964794151008, -2.155835395578041)
974 (2.0234511848281227, -3.0936324764571546)
975 (1.698776010029486, -1.7058790600164246)
976 (1.7242590968155167, -2.0041767919652633)
977 (1.7728601475336672, -2.350986968987574)
978 (1.542645980229389, -0.8915455062797752)
979 (1.6919041710300213, -1.815090128364185)
980 (1.4595102615903648, -0.8249927591139355)
981 (1.469170229875963, -0.8476877813694766)
982 (1.6142717554102683, -1.7141439710648214)
983 (1.46460337179288, -1.0793783047978354)
984 (1.4348239791148483, -0.8531252824437904)
985 (1.510610013962233, -1.1468015818593318)
986 (1.76469977095712, -2.1888156593108365)
987 (1.2732169239218474, -0.4900678330818042)
988 (1.5516447718132074, -1.1861158022262517)
989 (1.5413812774890079, -1.1347800199932698)
990 (1.3927523578855703, -0.8393993891900713)
991 (1.7989417580797484, -2.4984510514967515)
992 (1.7453893469541717, -1.958531142568335)
993 (1.6606862760493415, -2.0063024946984758)
994 (1.4436287590604029, -1.1763045205996783)
995 (1.6059697128393295, -1.6227796870593374)
996 (1.7610843719581728, -2.288780682479703)
997 (1.5941133122551132, -1.692525751739513)
998 (1.5009274458917234, -1.061321393960748)
999 (1.479644913756149, -1.2934768996628507)
1000 (1.9119431883684226, -2.2940098598673284)
1001 (1.9321690630419595, -2.319181515927041)
1002 (1.8719677587179782, -2.0815397435626624)
1003 (1.7943748168038622, -1.801557633435094)
1004 (1.9046803285053246, -2.3563740276554865)
1005 (1.8202277907944, -1.805941980417944)
1006 (1.7404283304249282, -1.6144122167479165)
1007 (1.7099536849594905, -1.4884072011237133)
1008 (1.8678898057580793, -2.2836574716309035)
1009 (1.8158478685585666, -1.7218097168138935)
1010 (1.9227723827257204, -2.5995717820148774)
1011 (1.7640426655643386, -1.809295853059452)
1012 (1.8607730370998357, -2.219122859248071)
1013 (1.7901694533244314, -2.229135465573994)
1014 (1.8728801764773029, -2.181287928928374)
1015 (1.7462193781048312, -1.5458658575907156)
1016 (1.9332572671046595, -2.562460764265768)
1017 (1.860294990749555, -2.1176666649098683)
1018 (1.8115853206355796, -1.9971378573858813)
1019 (1.8164694539447803, -1.9583650740067189)
1020 (1.8347790065229324, -2.2009996621471832)
1021 (1.7616752365249253, -1.9840590734212666)
1022 (1.9131873560442645, -2.547115598487646)
1023 (1.6075491180742323, -1.1672532488286418)
1024 (1.7203222602348707, -1.58809867186767)
1025 (1.703968088381362, -1.713151370514536)
1026 (1.781140294274765, -2.3045750294334484)
1027 (1.7322810840724336, -1.5890217541004235)
1028 (1.9318267046555353, -2.7242137327614353)
1029 (1.880990466332446, -2.3638815347049005)
1030 (1.9984352273569008, -2.9728053783096673)
1031 (1.7116792062365263, -1.5601420760396227)
1032 (2.011715043007818, -3.1453979492492747)
1033 (1.7043684071731502, -1.6672860782517447)
1034 (1.9355721349329267, -2.640063716105301)
1035 (1.8827255682593993, -2.162788839072453)
1036 (1.719924425371305, -1.5867291106208683)
1037 (1.7589376377881458, -1.7749387557305085)
1038 (1.8731251052495346, -2.4131323231114346)
1039 (1.8378393232133778, -2.0399059467853515)
1040 (1.8390062082624044, -2.105534078721995)
1041 (1.7231469298094997, -1.6332294451763556)
1042 (1.7140385402938827, -1.7565338404815296)
1043 (1.6656643514150176, -1.3577334104272947)
1044 (2.1508866517403225, -3.843370825196813)
1045 (1.8258999975062558, -2.358482940282276)
1046 (1.7507357733966515, -1.7482314125620018)
1047 (1.834344107362259, -2.2307595239868734)
1048 (1.871270074226507, -2.4037574447313466)
1049 (1.8181911682714165, -2.1991178805588976)
1050 (1.806450633960666, -2.1426624496379176)
1051 (1.8011728186318698, -2.171206612647985)
1052 (1.7354969212527012, -1.7398345733600504)
1053 (1.9721388490742584, -2.751576368402581)
1054 (1.8895104494331136, -2.6368991291405024)
1055 (1.7070051380952307, -1.597837936412163)
1056 (1.910976390062738, -2.569126975734948)
1057 (1.6307066207422605, -1.3022416925553593)
1058 (1.6947524996535337, -1.4885022781842348)
1059 (1.878154615553748, -2.62849170402844)
1060 (1.793469715572025, -2.050995176617164)
1061 (1.6269018244136482, -1.4888778932464717)
1062 (1.7714947383321866, -1.8178644120820544)
1063 (1.7642858928355045, -1.9065770396356228)
1064 (1.7361930209878562, -1.9019589064092166)
1065 (1.718266251238988, -1.9125564429250954)
1066 (1.7116802334302703, -1.789700274265979)
1067 (1.934043107486571, -3.064734380326701)
1068 (1.6038442994040798, -1.031913450076956)
1069 (1.6291085444651427, -1.4788970925846792)
1070 (1.8391394794742961, -2.1523683293888514)
1071 (1.5151447885530092, -1.0575577829174045)
1072 (1.6652826963459793, -1.3623162867338434)
1073 (1.6501589011214541, -1.5022609680068892)
1074 (1.6745431815895522, -1.6187771246350908)
1075 (1.563447324172181, -1.1313120922510969)
1076 (1.915718927258681, -2.8405008730523247)
1077 (1.6714584185530297, -2.0169560566782136)
1078 (1.5143067451104508, -0.9849590589668481)
1079 (1.5561322458122158, -1.0225054924844594)
1080 (1.6355837477020998, -1.5560060195888288)
1081 (1.7897417271972635, -2.043093129159947)
1082 (1.7211169056028341, -1.646326796756923)
1083 (1.606825492711447, -1.761519383083969)
1084 (1.8491257294184322, -2.3818328869542684)
1085 (1.90841002223872, -3.080778508453214)
1086 (1.8556497004533987, -2.3703543448196984)
1087 (1.7917882401974186, -2.5243073523653132)
1088 (1.6130739811439108, -1.2407119242965363)
1089 (1.8828326996952558, -2.5942513975220534)
1090 (1.5717711711992424, -1.1372982339265127)
1091 (1.7988797493980122, -2.2262083934669556)
1092 (1.6756369755884895, -1.5160549561588808)
1093 (1.737423553461911, -1.9890191425598627)
1094 (1.410001064664999, -0.36987092197977256)
1095 (1.5138895088117685, -1.2306878756410489)
1096 (1.798399381936208, -2.2853569568443435)
1097 (1.681276470740923, -1.6269876834722106)
1098 (1.6523022147533037, -1.4690262841577422)
1099 (1.7766535053200483, -2.201206236371962)
1100 (1.8585013008498386, -2.446283114885607)
1101 (1.6713261409223634, -2.0239838186434818)
1102 (1.6428365696517586, -1.5220298653965874)
1103 (1.838195258540231, -2.7854832371312357)
1104 (1.849245194715119, -2.4755996780617693)
1105 (1.8337747956864752, -2.4285543067145823)
1106 (1.6394202985264466, -1.469226183372889)
1107 (1.7776235964953628, -2.029856822585181)
1108 (1.7668250949378488, -2.297496619554759)
1109 (1.7744391165803204, -2.368102165123734)
1110 (1.9181148139438375, -2.750740450812192)
1111 (1.4908904374871612, -1.0088035162507294)
1112 (1.888288754789912, -3.2248614159183706)
1113 (1.6625614248148324, -1.742489829687978)
1114 (1.8254738671815744, -2.3138064733174994)
1115 (1.816470046396652, -2.651308210412789)
1116 (1.5996846742724222, -1.4285839368034328)
1117 (1.7712201078156817, -2.3698761448538868)
1118 (1.6704621595646387, -1.3139632844214475)
1119 (1.477318732081732, -1.0831994717026487)
1120 (1.6997183521348802, -1.5955382125702238)
1121 (1.7601963725022203, -2.142927692702598)
1122 (1.648200761173679, -1.3801815424768995)
1123 (1.502529337489871, -1.0853821368562968)
1124 (1.8136564759527445, -2.145787427751792)
1125 (1.5318763283545702, -1.0133140412057386)
1126 (1.4294321807408419, -0.4543308162808836)
1127 (1.6094214200285442, -1.5247979684776731)
1128 (1.5517052240237723, -1.2248535317144393)
1129 (1.756805155441295, -2.3104182638208397)
1130 (1.4765041176059175, -0.8933653586371683)
1131 (1.6641593097556149, -1.9550572186746284)
1132 (1.71622112652977, -1.793230130346318)
1133 (1.5689342860750972, -1.4348691143272467)
1134 (1.667651981281694, -1.7355701684503377)
1135 (1.5814904013915456, -1.5727254556018109)
1136 (1.8687309202162035, -2.5004178785261733)
1137 (1.8599426478107919, -2.790966092047012)
1138 (1.7987238569380046, -2.0668557847797646)
1139 (1.6737991456528194, -1.605647485411695)
1140 (1.6370419047759026, -1.6187897916248963)
1141 (1.270432992750222, -0.4934463688398264)
1142 (1.5891952475884783, -1.4213233602286184)
1143 (1.72278108724039, -2.2140642330273113)
1144 (1.5742302618838555, -1.2937521962702268)
1145 (1.7044615465088848, -2.2326653379610253)
1146 (1.6710398484776483, -1.394170121392869)
1147 (1.4581354069588135, -0.9417568267287321)
1148 (1.7803079831922897, -1.9465271147651853)
1149 (1.7336788081914598, -1.9437774605041296)
1150 (1.6416990600410648, -1.5101051166451938)
1151 (1.6154073544307925, -1.836908218749491)
1152 (1.5641000917881425, -1.2046562384021715)
1153 (1.5381585388902024, -1.1208990272723172)
1154 (1.6515836360514518, -1.6307810353047687)
1155 (1.6102257489893512, -1.4038394218483912)
1156 (1.3856161043028183, -0.7567831388889499)
1157 (1.306053019364161, -0.6507341981273814)
1158 (1.5206813813719533, -1.1153270155755006)
1159 (1.585533716247788, -1.5793363507434186)
1160 (1.7809758488446294, -1.9984116787796056)
1161 (1.6139856763855125, -1.2379218097378852)
1162 (1.9385691016200228, -2.8077041736388337)
1163 (1.806156032421228, -2.2510656070951023)
1164 (2.035573511055599, -3.5330273855534156)
1165 (1.788699269746018, -2.3193571151472363)
1166 (1.7095098368334651, -1.802971470096043)
1167 (1.7021662707423038, -1.5799728711139827)
1168 (1.7786425181093213, -1.992166090459737)
1169 (1.6927590884572605, -1.5279564459031851)
1170 (1.9196128030500583, -2.8211036782654384)
1171 (1.844184509903245, -2.5667050779382166)
1172 (1.6840466716105549, -1.7261432613292558)
1173 (1.903157932832638, -2.851870834543051)
1174 (1.7332318196537058, -1.7419098463916496)
1175 (1.6843967484463982, -2.076524960179066)
1176 (1.7842916590925462, -2.2591164043919263)
1177 (1.8548449028391527, -2.7487441620621764)
1178 (1.7263666754479778, -1.6215275194370575)
1179 (1.6111541705503614, -1.6284563750091063)
1180 (1.6475051526314932, -1.8634336159889413)
1181 (1.720681019928752, -1.9713974220251576)
1182 (1.7522886546707777, -2.274039437299877)
1183 (1.4692597815143214, -1.0760366616925148)
1184 (1.4621141189496976, -1.1716130769965254)
1185 (1.3434592433144263, -0.4525248067273945)
1186 (1.6415974658198582, -1.90724842621837)
1187 (1.5127045337178289, -1.2650211249308352)
1188 (1.815109925504612, -2.1204138403137485)
1189 (1.433390434586695, -0.6981684693195505)
1190 (1.422661840628596, -0.9449288217242499)
1191 (1.479925692347967, -1.086324238511052)
1192 (1.5903989868842148, -1.7461060754217819)
1193 (1.6437357422088166, -1.5923320504664553)
1194 (1.3836633400217808, -1.1091885787835405)
1195 (1.4824017070794502, -1.0351209995931097)
1196 (1.671295740880753, -1.7363362862615355)
1197 (1.3252715601416205, -0.48138699150776043)
1198 (1.9548197458738341, -2.962150561576179)
1199 (1.4777673152736857, -1.0564802407766603)
1200 (1.891104907987274, -2.067003822056984)
1201 (2.1046422273526346, -3.278511300407238)
1202 (1.7012292237587758, -1.4952374353881042)
1203 (1.8159103324748493, -1.8054375733372066)
1204 (1.7455674253813942, -1.565713014284869)
1205 (1.9854297316771428, -2.432051222582908)
1206 (1.839382773474052, -2.170564277457755)
1207 (1.8750849307625372, -2.215414902114086)
1208 (2.1843952744075157, -4.250956426977549)
1209 (1.9730661724090048, -2.5940034427177308)
1210 (2.219611040082181, -4.635035672404032)
1211 (1.8544119546299238, -2.0250966148117238)
1212 (1.7056836324760074, -1.3172541899660006)
1213 (1.8660173242409754, -2.2010322196859766)
1214 (2.004391630985013, -2.8137736378462805)
1215 (2.025821972845011, -3.1510984474245474)
1216 (1.683711555392438, -1.2535599678571752)
1217 (1.9675585177894659, -2.708562349456457)
1218 (1.9176174965957014, -2.457243621454504)
1219 (1.909814760540111, -2.175225936022022)
1220 (1.9464331087234792, -2.5418071199012044)
1221 (1.7499226976992703, -1.4149909856510654)
1222 (2.0062204675411692, -3.4360456986050547)
1223 (1.9306632536127593, -2.3270849764924746)
1224 (1.7688239659514038, -1.7416968449250554)
1225 (1.971258587920037, -2.7572331154450365)
1226 (2.0303892832246087, -3.275045258878049)
1227 (1.9044278094063782, -2.1647383360185892)
1228 (1.8588280326186792, -2.3219417744837694)
1229 (1.7857525277765585, -1.794195402689577)
1230 (1.8260974645604418, -1.9732817317086977)
1231 (1.7607584704459396, -1.7170083780044123)
1232 (2.108112050503572, -3.5073802089608437)
1233 (1.7822588947034228, -1.9647783052372154)
1234 (2.1493976782668627, -3.9030339074240183)
1235 (1.7631006727178296, -1.8219407895538315)
1236 (1.923473220049664, -2.3024537515670103)
1237 (1.946319293294759, -2.3164363384181113)
1238 (1.8791616232618855, -2.318189881838555)
1239 (2.049528470739887, -3.089759627648131)
1240 (1.9129085602943354, -2.4107126619185784)
1241 (1.9067800123779366, -2.4143567828368573)
1242 (1.8136443202923704, -2.0927962022178392)
1243 (1.9226174285010862, -2.6126169480219676)
1244 (1.9048020428283676, -2.5441617202486952)
1245 (1.8317172914861721, -2.3049574010108413)
1246 (1.8899603115720047, -2.578762046816457)
1247 (1.794561204744923, -1.838417765920446)
1248 (2.2971852880110424, -4.370344267438893)
1249 (1.7516180264112327, -2.0111153303440172)
1250 (1.745237527785217, -1.747283485606972)
1251 (1.8860684770524767, -2.39829973983373)
1252 (1.909054663571276, -2.4640665438930722)
1253 (1.8701663270129139, -2.4570774559826356)
1254 (1.9356599594636823, -2.7358389570528105)
1255 (1.693687076714136, -1.7163049286795815)
1256 (1.9377249022491019, -2.7645946244200332)
1257 (1.7113075495562677, -1.8068281076235773)
1258 (1.9037815222242709, -2.649983802654883)
1259 (1.7333712111572273, -1.563399597997659)
1260 (1.8542506712890106, -2.2411175533874985)
1261 (1.9715170234459525, -2.7018470117545297)
1262 (1.7211203135238988, -1.9139979813602546)
1263 (1.7198202314664772, -1.5375386728603881)
1264 (1.8517875473032606, -2.596320123604165)
1265 (1.7772042732685542, -2.327254990197733)
1266 (1.7565393561889844, -1.8173659224127154)
1267 (1.7031318969483356, -1.6554234997737343)
1268 (2.05162643484321, -3.1102032665921806)
1269 (1.738018983394644, -1.8103811949828357)
1270 (1.8558870000874854, -2.289366674973941)
1271 (1.7558786059509264, -1.9994466326568763)
1272 (1.776704338942286, -1.6399198258405001)
1273 (1.7733050245187005, -1.8496705119536492)
1274 (1.7302306443031004, -1.9128145223619035)
1275 (1.70509423064853, -1.7916116097105996)
1276 (1.7474930371148663, -1.5464684445188364)
1277 (1.8131471120264113, -2.1659450188399636)
1278 (1.9629086807435125, -3.056982706711372)
1279 (1.7185002911758251, -1.811802047400544)
1280 (1.8637618158137337, -2.587276630473384)
1281 (1.5755072477106609, -1.301511555993394)
1282 (1.8238189350752494, -2.2334744235113186)
1283 (1.682458325262777, -1.511864670585388)
1284 (1.8813946556555936, -2.418822055655379)
1285 (1.8011615233317244, -2.5021012162020524)
1286 (1.8326824232144576, -2.1152494682474074)
1287 (1.6877977407821096, -1.7126250561510872)
1288 (1.7740708251536126, -1.8916879880392263)
1289 (1.798227204490841, -2.17876353152369)
1290 (1.8535745044881862, -2.657362109526734)
1291 (1.647606596967807, -1.8168769737150812)
1292 (1.939720437805346, -2.771485448532225)
1293 (1.681355740715629, -1.7807734978791459)
1294 (1.790891810911348, -2.115549108885844)
1295 (1.5673697475528554, -1.2566548721371857)
1296 (1.8928457188831926, -2.320363199661286)
1297 (1.6461047997728433, -1.5063999672579769)
1298 (1.6644097241054714, -1.3314870068708886)
1299 (1.896319432319023, -2.535303938671193)
1300 (1.8867994183575396, -2.4755541145370232)
1301 (1.6609105500558918, -1.5911956518561274)
1302 (1.7417325283175584, -1.9692595966011595)
1303 (1.600291937933008, -1.6532283396571212)
1304 (1.7437756296555365, -1.8409016317647913)
1305 (1.8596080608513403, -2.844782179533487)
1306 (1.8189352780969361, -2.439779153476769)
1307 (1.8665823824625745, -2.4540391039912692)
1308 (1.6859372629407228, -1.6283494183127174)
1309 (1.8810948421468554, -2.4914071814681775)
1310 (1.74240808273846, -1.764880829016452)
1311 (1.655976503929991, -1.5224962256683139)
1312 (1.7565697313681383, -2.1104514454156003)
1313 (1.5686223403904271, -1.256747234689652)
1314 (1.7962642848061048, -2.2833404480090693)
1315 (1.8191864832616478, -2.6492812521807356)
1316 (1.7288066924486798, -1.9563210566038562)
1317 (1.6275005947244248, -1.560779123787221)
1318 (1.6348097499470653, -1.3388380505985737)
1319 (1.8535151934251906, -2.434644129180489)
1320 (1.823688986680778, -2.0777685941512973)
1321 (1.8560525479545538, -2.661757957044615)
1322 (1.8506574496044221, -2.570489434366291)
1323 (1.8093946276986437, -2.5671252907452833)
1324 (1.8245178228828438, -2.38705711959012)
1325 (1.576429631907606, -1.4742402739961424)
1326 (1.7495638706004117, -2.144722585036178)
1327 (1.5875573146445756, -1.562420352217031)
1328 (1.7868034883216235, -2.415220678977612)
1329 (1.7810463172118305, -2.1504064406667207)
1330 (1.6967515086138223, -1.9513567744443026)
1331 (1.4521859134130513, -0.8969815905535572)
1332 (1.6610272831566368, -1.6514384633190848)
1333 (1.655302633479546, -1.9837161208658796)
1334 (1.8398621809595463, -2.2595377979334423)
1335 (1.733274300211031, -2.069750497163623)
1336 (1.6846891261870922, -1.83194173349642)
1337 (1.8624423718666032, -2.9782442162210505)
1338 (1.8067499490369598, -2.524077645513535)
1339 (1.7840865876947287, -2.2845973174508782)
1340 (1.9806690331912087, -3.1184091137158196)
1341 (1.8746011795506763, -2.558786884722524)
1342 (1.569049054793575, -1.2049955304740945)
1343 (1.6989590536633397, -1.9133524732956022)
1344 (1.7380857482391183, -1.8817313754862108)
1345 (1.7366128950003346, -1.9877496180133398)
1346 (1.7220483884005569, -1.828886116763762)
1347 (1.8953207672264616, -2.717913673236067)
1348 (1.7284316242655817, -2.1714979673420367)
1349 (1.4718574339311592, -1.0073903884380702)
1350 (1.7055428481807464, -1.7286247934682915)
1351 (1.8145708532915152, -2.063848535520831)
1352 (1.8232657314096665, -2.2017146371819916)
1353 (1.6291165168895325, -1.576360549994233)
1354 (1.1863763701844412, -0.14947287883855348)
1355 (1.5993034505190253, -1.4309058145550961)
1356 (1.6147175405145087, -1.2336491640304192)
1357 (1.7229433275501882, -2.176449515717006)
1358 (1.7099118057947273, -1.8838621188682063)
1359 (1.8581257544218879, -2.8709022522078107)
1360 (1.7816918123853216, -2.083464162451948)
1361 (1.910891170454524, -2.794861766751958)
1362 (1.8247044373390349, -2.1284155774795535)
1363 (1.8487271514393862, -2.4677975433764043)
1364 (1.8825768603335185, -2.503251615220821)
1365 (1.8180997346774845, -2.1627126374264964)
1366 (1.8142586330509043, -2.576248120177463)
1367 (1.695543404915196, -1.567512137441388)
1368 (1.6810619428562426, -1.5586899739369005)
1369 (1.7092429306845807, -1.9499761093709191)
1370 (1.709030813121757, -1.6090858600078177)
1371 (1.751001852729287, -2.158673033099206)
1372 (1.879297031662799, -2.5198125155497864)
1373 (2.008806052882003, -3.202618488637386)
1374 (1.7571102012347375, -1.7658716694895966)
1375 (2.211063365810869, -3.965148109951424)
1376 (1.9617284105111457, -2.9976970440964497)
1377 (1.7425736064614183, -2.0366630418449487)
1378 (1.799773266856978, -2.060716656102575)
1379 (1.7340928823662516, -1.797274548676561)
1380 (1.597252461072263, -1.4368313413366232)
1381 (1.7666972185326897, -2.699129214241664)
1382 (1.5629536156922437, -1.373001313564525)
1383 (1.7648450332421917, -2.3027257911825583)
1384 (1.7125236038886749, -1.8801401752457825)
1385 (1.4535902908097036, -0.9134839708208747)
1386 (1.6991816201330965, -1.7861203522837616)
1387 (1.6128757924193777, -1.7484955617863214)
1388 (1.6334430228929289, -1.628276306677565)
1389 (1.6723683370386686, -1.9686267033651557)
1390 (1.6532563843991703, -1.6722125256265634)
1391 (1.4792248932972922, -1.2102473626167531)
1392 (1.8120762140890927, -2.3581219756789946)
1393 (1.7713580237761226, -2.361775350988753)
1394 (1.7816554772812598, -2.3423903446871996)
1395 (1.6157999600172568, -1.5321624748603773)
1396 (1.843875416878561, -2.521504798589186)
1397 (1.5253102153510838, -1.3073873745079239)
1398 (1.676195014366328, -1.7276321034341093)
1399 (1.5333570120006794, -1.0259236450868012)
1400 (1.7891321827088082, -1.7561232398637716)
1401 (1.832595870579757, -1.8798789325947713)
1402 (1.8852172308312807, -2.233242189360477)
1403 (1.7758805413086727, -1.9275566591119906)
1404 (1.8703126626625624, -2.0467555816999354)
1405 (1.7922590234685742, -1.9792968908711537)
1406 (1.7548208837809496, -1.7439202568816325)
1407 (1.8599796300249696, -2.0149581271943364)
1408 (1.8609320069876016, -2.180865702883725)
1409 (1.898758724568434, -2.2029448933781577)
1410 (1.8683587706496718, -2.0882543042027013)
1411 (1.9046060920055734, -2.6380109530813294)
1412 (1.8018369354639494, -1.7781196127237164)
1413 (1.85111149225438, -1.89879350555218)
1414 (2.0767893514103357, -3.4908482378122345)
1415 (1.847156873558099, -1.9135287997507566)
1416 (2.0895825290108827, -4.054076091031411)
1417 (1.7644541193909242, -1.6200065654791)
1418 (1.888212593421394, -2.496800046392203)
1419 (1.8858937530121362, -2.0960411279127387)
1420 (1.8952448614091177, -2.5316399955784337)
1421 (1.8124907382868065, -1.91155118433737)
1422 (1.9953332504872887, -2.83310850792409)
1423 (1.7997687562502482, -1.7536280853343105)
1424 (1.9444514992148298, -2.9337095465041285)
1425 (1.762080186767039, -1.864321872563585)
1426 (1.9711733472187256, -2.7182082993883094)
1427 (1.8663821093881037, -2.3783821089257864)
1428 (1.8037344225760226, -1.856952858276406)
1429 (1.6323108698279079, -1.1687493901436294)
1430 (1.8452951927051628, -2.1634265675070194)
1431 (1.7570504547322452, -1.6524160563710681)
1432 (1.8274774387783017, -2.006776252651561)
1433 (1.6261185215374474, -1.005354873549383)
1434 (2.117306162820141, -3.668790234867673)
1435 (1.791179367668043, -1.8428146074548999)
1436 (1.8243849644400503, -2.1527069588016365)
1437 (1.8895569969630777, -2.168081742477636)
1438 (1.937122744846714, -2.6040600622865497)
1439 (1.885241664736919, -2.230160987426613)
1440 (2.07705983004581, -3.240878459846334)
1441 (1.773159545907144, -1.7050184583914536)
1442 (1.7765798460704985, -1.9861764273068707)
1443 (1.8704339202053424, -2.0239193729191545)
1444 (1.7764953634463918, -1.7768097979298987)
1445 (1.791628765580125, -1.8346636899770057)
1446 (1.7873421331470118, -1.7763698413160578)
1447 (1.6945442565481104, -1.5312732717809314)
1448 (1.8049085693318387, -1.8264357159852729)
1449 (1.7923375193383353, -1.7934734021307255)
1450 (1.6610063878080819, -1.2642417195158504)
1451 (1.8907628729653885, -2.1934556458721066)
1452 (1.5390334718006182, -0.8849943167679544)
1453 (1.708394567719699, -1.3947903157805208)
1454 (2.3853688145690244, -5.1190693216666405)
1455 (1.6409460297981846, -1.3677924023219068)
1456 (1.7245271318341096, -1.8724551915545775)
1457 (1.7965255298636058, -1.9792835290915627)
1458 (1.8941620574504336, -2.3479056210363756)
1459 (1.7889693145885484, -1.981605949158947)
1460 (1.7906756950968792, -1.9967447553124305)
1461 (1.6780813504918046, -1.560997304705992)
1462 (1.8109855180121517, -2.4343606692747315)
1463 (1.6662001052230155, -1.4471498771300784)
1464 (1.8568760321294875, -2.2785079500088843)
1465 (1.6375852548828376, -1.3549374420463915)
1466 (1.8470457469872266, -2.224878303721616)
1467 (1.698308164906242, -1.8144324993017418)
1468 (1.7008121100600366, -1.6779269429626056)
1469 (1.630294075409244, -1.3832559651569005)
1470 (2.007532528559112, -2.996502362543355)
1471 (1.5900051486255338, -1.322030294613596)
1472 (1.718285579270907, -1.7783095316763875)
1473 (1.7550359801007929, -1.9122759850257383)
1474 (1.851622086143427, -2.5050205431809744)
1475 (1.6363006114571688, -1.4669628358996856)
1476 (1.7910130280043122, -2.2028626105495817)
1477 (1.6812042712388635, -1.6066226600998081)
1478 (1.8686441240381337, -2.457454539981725)
1479 (1.7674125812806527, -2.0028198129026444)
1480 (1.8217575047647245, -2.1511443086188726)
1481 (1.7460251119842847, -1.85761528936564)
1482 (2.2822031294194303, -5.045626737394579)
1483 (1.7069210929627925, -1.6687579836168507)
1484 (1.8018659524116083, -2.130106989982893)
1485 (1.8371698924581223, -2.4355462407557043)
1486 (1.720197713229062, -1.8941111238296018)
1487 (1.8342802271694212, -2.533698029643109)
1488 (1.9265269419128592, -2.9177624103085353)
1489 (1.7219645047415226, -1.8433859841604106)
1490 (1.4095239449552923, -0.9601263279924894)
1491 (1.945640015409328, -2.9276839318314423)
1492 (1.438166619592569, -0.6656600140489881)
1493 (1.674077461280062, -1.428847529216652)
1494 (1.9586692391688931, -2.8645387415801324)
1495 (1.5589627375027282, -1.160383002733867)
1496 (1.7361882386311414, -1.6477846612171614)
1497 (1.7984969683452976, -2.070291382970804)
1498 (1.7951195585910458, -2.199091056266789)
1499 (1.679138707059199, -1.7619539377598648)
1500 (1.8538213318048482, -2.339104149758154)
1501 (1.575186597359169, -1.4708850925636257)
1502 (1.7488108728677672, -2.2577344448521366)
1503 (1.7174381116612984, -2.244053075916209)
1504 (1.6512350040152126, -1.7196007157258797)
1505 (1.6374320461183087, -1.6247353788889058)
1506 (1.8269551246551625, -2.2083792742362967)
1507 (1.7014351047061886, -1.9560268615675926)
1508 (1.7773310853488404, -2.210839806683927)
1509 (1.5126014703247725, -1.128762200050737)
1510 (1.594491051101094, -1.6257125069379423)
1511 (1.832676297505944, -2.2118270554837967)
1512 (1.799445209357719, -2.07436473947735)
1513 (1.5810175589039868, -1.2687257230129323)
1514 (1.7867726820261243, -2.041188176675121)
1515 (1.7230626779403124, -1.9448487085588013)
1516 (1.895162514210821, -2.3605350125303732)
1517 (1.837779433878308, -2.574799079415424)
1518 (1.715147653207573, -1.661397808974433)
1519 (1.4891761387332487, -1.1031067760438946)
1520 (1.7350664250720615, -1.8484038166574135)
1521 (1.8130431439862773, -2.2886707369615356)
1522 (1.5667204088458937, -1.1988386708195224)
1523 (1.5223894542569554, -1.0932155264999086)
1524 (1.7587534738254107, -2.0634261659920528)
1525 (1.7385697945845726, -2.0208798015374687)
1526 (1.7468670276821967, -2.0845653235747093)
1527 (1.6904254790207134, -2.032660611566225)
1528 (1.8515048779793988, -2.4750703903810067)
1529 (1.9802380743590384, -2.8476762867677836)
1530 (1.7241677934215045, -1.6948331250479916)
1531 (1.832114631558508, -2.721734300595954)
1532 (1.735332737123776, -1.8217029849930748)
1533 (1.8843222387166245, -2.536982875191577)
1534 (1.7385964123926652, -2.341834040515894)
1535 (1.6449424885932795, -1.8425671932546501)
1536 (1.7390438090517406, -1.9945312463716498)
1537 (1.4812377474332166, -1.0510073671693114)
1538 (1.5603606008153725, -1.2871010029332617)
1539 (1.7072747552539125, -1.939498984747026)
1540 (1.7265976988021288, -1.8972988757208067)
1541 (1.7042976831685506, -2.1254909521635565)
1542 (1.7821823041987759, -2.1570250933882225)
1543 (1.6052030205126122, -1.6776678624082997)
1544 (1.6531914605298752, -1.4404367269938834)
1545 (1.8413108422987805, -2.5937409089628627)
1546 (1.718306399388719, -1.9930795022661636)
1547 (1.3824126522300415, -0.8635406682745483)
1548 (1.652263916020761, -1.3584569587658508)
1549 (1.8582739079276283, -2.694462587385756)
1550 (1.8562111171747493, -2.808302749812472)
1551 (1.4727910890844595, -1.1313206864998693)
1552 (1.791210965537995, -1.9466381819628136)
1553 (1.6149574064872796, -1.4207940933339156)
1554 (1.8100861144353886, -2.3081011694102775)
1555 (1.549594458654186, -1.8382611590299782)
1556 (1.4197431215995684, -0.6633477506175134)
1557 (1.9312694859160482, -2.8105275496574644)
1558 (1.7348923395652807, -1.945965441439581)
1559 (1.546590667637088, -1.2004478590656091)
1560 (1.5679459575701113, -1.0101431348632546)
1561 (1.751563872591295, -1.6842364438721869)
1562 (2.036055054984204, -3.2252302001908983)
1563 (1.8728250226635759, -2.623700711208128)
1564 (2.04271511033519, -3.361722847214234)
1565 (1.6029224253776373, -1.108403890767039)
1566 (1.5922351771415044, -1.4228647707937123)
1567 (1.7489742436418645, -1.7028891651344196)
1568 (1.8856738656947527, -2.4794213172731197)
1569 (1.954942231998992, -2.8470274681988696)
1570 (1.6505104002729913, -1.3146378591345682)
1571 (1.6690910310440505, -1.4623045694994719)
1572 (1.837974368928364, -2.365181211883804)
1573 (1.7848898460015616, -1.7485818358908918)
1574 (1.8246173598566167, -2.1876853944161208)
1575 (1.652014990964603, -1.7334623973821823)
1576 (1.7922862412292424, -2.0047513777657313)
1577 (1.819802344060706, -1.925729532528578)
1578 (1.825066478380029, -2.4384367702422787)
1579 (1.9376869347596333, -2.889097488786731)
1580 (1.7265632911702087, -2.121881487109836)
1581 (1.7778446706445545, -2.5867064821002153)
1582 (1.8109582965941418, -2.4442020031951492)
1583 (1.688555283484224, -1.9279904577428597)
1584 (1.819956794984959, -2.331531861876643)
1585 (1.7809192316639326, -2.275228858161899)
1586 (1.469519012294494, -1.236973537235053)
1587 (1.7141116258347524, -1.9480183811419711)
1588 (1.4775492917015995, -0.9605408759501897)
1589 (1.4999094523156793, -1.197283985538202)
1590 (1.648188552535531, -1.855420400596735)
1591 (1.6271669592869733, -1.5125256422829034)
1592 (1.638108838467681, -1.4822364408059672)
1593 (1.5884203143724023, -1.6182339622508428)
1594 (1.7202974447203447, -1.7865589896955376)
1595 (1.618545869960984, -1.6649356291683037)
1596 (1.645167989300346, -1.5715758396188626)
1597 (1.6168857489150292, -1.7059609426704236)
1598 (1.6214308208269088, -1.6493445771182058)
1599 (1.5290274190668736, -1.1555629250021715)