0 (1.8392748795334708, -1.917981093599717)
1 (1.8731508070078502, -2.2672752700609506)
2 (1.8611090033990267, -2.2430952275704157)
3 (1.7555818684096267, -1.5365452500116996)
4 (1.8026098977442506, -1.858175276080325)
5 (1.858104644502865, -2.0095824315930684)
6 (1.7343092222348913, -1.4306768305908437)
7 (1.8838376747227814, -1.995916665672096)
8 (1.9246234370694175, -2.35701887496781)
9 (1.9634399488376157, -2.4640594979715797)
10 (1.8275945794072823, -1.775423470309964)
11 (1.8314663874002994, -1.7629496289204831)
12 (1.8883462812995486, -2.2361170931669307)
13 (1.8769832226489989, -1.959088462963894)
14 (1.9901699527386818, -2.5165371167850865)
15 (1.8500435100844235, -1.9134270341758433)
16 (1.7858100873920197, -1.7527238729945482)
17 (1.8683397886136324, -1.999375760992986)
18 (2.0129302108775735, -2.7857759286151)
19 (1.9566758862898181, -2.556468616630798)
20 (1.80791371958146, -1.9834873001727458)
21 (1.8783750583823826, -2.1967402499268145)
22 (1.9252079847277415, -2.4482316508509085)
23 (1.862321762849902, -2.2854621555281733)
24 (2.0040666598009538, -2.887432282247674)
25 (1.861559043957777, -2.0388076548502094)
26 (1.8638127552146184, -2.283389777615147)
27 (1.850462951848332, -1.8943073887898976)
28 (1.8511647908359594, -1.9930306938466942)
29 (1.7568154508114462, -1.6211151360480847)
30 (2.0092263322008637, -2.880857038524768)
31 (1.8383917308602886, -2.0010462938393183)
32 (1.7904488854830947, -1.8898554643037033)
33 (1.9599975338159252, -2.377240985143692)
34 (1.7963106655465384, -1.7667706045987794)
35 (1.9109934343918993, -2.3328293985641606)
36 (1.7703004684188985, -1.7825892565851766)
37 (1.6456090691380456, -1.2161740740246625)
38 (1.7981449133661567, -1.9854625247219941)
39 (1.7961526146382025, -2.016709668249349)
40 (1.877537056195688, -2.3732668194284305)
41 (1.752148331211582, -1.6872774991310031)
42 (1.7966700410681633, -1.9395990707571633)
43 (1.7708795729716167, -1.9631248729939832)
44 (2.135759946066079, -3.4473184625830906)
45 (1.7442912903179404, -1.6192457581763668)
46 (1.6832461033554171, -1.390937461177768)
47 (1.8841142482451523, -2.1825339107691657)
48 (1.7704756304651104, -1.8189728737548934)
49 (1.6350781805878327, -1.1757218885647318)
50 (1.7069257928647645, -1.539602957265135)
51 (1.9569908708904342, -2.6387136915281637)
52 (1.871967208809833, -2.597018638941421)
53 (1.8503406264600346, -2.0618928072111373)
54 (1.8121649436033445, -2.079528083320791)
55 (1.885428545404151, -2.389179740454504)
56 (1.7158818959915316, -1.6675051326083028)
57 (1.7804407786805168, -1.7456170098831731)
58 (1.8752365443309933, -2.326225226292199)
59 (1.9430309623698379, -2.575986621560386)
60 (1.7976094913574203, -2.082744300516566)
61 (1.9206214602551503, -2.476680827209081)
62 (1.8110644769941753, -2.025531546016086)
63 (1.7457304318962135, -1.5518858959510864)
64 (1.7153748213206383, -1.7341000148674783)
65 (1.928300901431225, -2.707562467876267)
66 (1.8793283657454205, -2.6514289354667033)
67 (1.6847381220470956, -1.3663839580559847)
68 (1.6841067648583055, -1.6831965864639815)
69 (1.7103970171053327, -1.6162831077325315)
70 (2.223881315022058, -4.289867708794695)
71 (1.7479569146026726, -1.9907505599343558)
72 (1.7518619533669457, -1.8905999921827328)
73 (1.896380229951227, -2.399003880661106)
74 (1.8550119138863617, -2.443245606479565)
75 (1.7884669847591579, -1.945344140338875)
76 (1.6796448418442955, -1.4772987050837354)
77 (1.817025098214042, -2.1617361170767233)
78 (1.9924036549731554, -2.95416672897831)
79 (1.6867416735002883, -1.421856397390235)
80 (1.8122024164417643, -2.1479296715420104)
81 (1.6721765386671485, -1.6161806958992655)
82 (1.7500273484206346, -2.167960880804961)
83 (1.4971965731860895, -0.9599978796659374)
84 (1.8761562449729177, -2.7983785051832766)
85 (1.6168527799416246, -1.6529207351403745)
86 (1.7684467599517213, -1.9678906128893259)
87 (1.5823182535045544, -1.1469911793750496)
88 (1.872581740934335, -2.648066946991052)
89 (1.8294911973907122, -2.3525790443360117)
90 (1.7531378539093583, -2.205741489701403)
91 (1.6068497842574887, -1.2729856484007283)
92 (1.729247832362489, -2.0013189914082017)
93 (1.862698147927139, -2.6985979388661523)
94 (1.7934106998541588, -2.363177163881278)
95 (1.7608190856989394, -1.9951870854161406)
96 (1.9878036387068296, -3.174780572148281)
97 (1.7194412655443747, -1.778138344698033)
98 (1.8165408101824845, -2.3807129314675253)
99 (1.620291410633055, -1.4592650100093691)
100 (1.6403152935684, -1.3657166882036147)
101 (1.7455263143637474, -2.13417086713251)
102 (1.8341605806351262, -2.322175682511165)
103 (1.6800384599411644, -1.6436953780143702)
104 (1.7633133851843061, -2.1430992257681205)
105 (1.5698672981787765, -1.1313000872330754)
106 (1.943515097019472, -2.9934860330956057)
107 (1.7134041691149386, -1.9945341084031623)
108 (1.8099023074126792, -2.426356271894429)
109 (1.7580709524165143, -2.0687041978893044)
110 (1.6949383456368918, -1.943756924602849)
111 (1.6744307937689937, -1.7047720855278676)
112 (1.6940100646144136, -1.8461273781807805)
113 (1.5451856836573934, -1.0698464612649683)
114 (1.7176490668312996, -1.9257093010539412)
115 (1.6013622364486577, -1.3421928997180645)
116 (1.7808994229642168, -2.54209117329997)
117 (1.8664860220651927, -2.6408992338201887)
118 (2.0579508934407733, -3.7333587916938664)
119 (1.5805633823075302, -1.3712689073013744)
120 (1.8727386755577808, -2.738550298748575)
121 (1.5957514864294033, -1.450037166494739)
122 (1.6171147797316476, -1.2919570263110276)
123 (1.7172915265297495, -1.8674688585192714)
124 (1.817787841097491, -2.3220746861928725)
125 (1.5459249501779828, -1.2295031792367053)
126 (1.639224202795843, -1.739371409309092)
127 (1.6889545002125939, -1.7627876594034233)
128 (1.6003903980900456, -1.2783976762618645)
129 (1.639636677083306, -1.5460155840822163)
130 (1.4188038062840849, -0.9582618116823896)
131 (1.6534215158471945, -1.5692091895542981)
132 (1.777210412401525, -2.2628889170889073)
133 (1.665641128788977, -1.9099684642596397)
134 (1.4280965061516386, -0.8569112520852036)
135 (1.8908505448748854, -2.707661649040243)
136 (1.7967798885519577, -2.401330380936687)
137 (1.6894384547160435, -2.1142364204839197)
138 (1.7329201798196827, -2.115337773461167)
139 (1.71703529439333, -2.07767974487961)
140 (1.4941172730074188, -1.2201372230011884)
141 (1.5202108944499588, -1.0567837460609104)
142 (2.110815720959197, -4.409773736987711)
143 (1.5594384951475149, -1.5416322478409246)
144 (1.824068644502097, -2.4521620696938093)
145 (1.5701982508545884, -1.345681518558226)
146 (1.6478396608169077, -1.5870298770519824)
147 (1.5975945469515274, -1.4859753756488405)
148 (1.554844381704359, -1.3840463546189383)
149 (1.4955183375447827, -1.1126781602078935)
150 (1.656759082577973, -1.8330485184502199)
151 (1.4790765409911282, -1.0821634225970906)
152 (1.644119441965324, -2.1847608113148795)
153 (1.8955457747233422, -2.612495147739379)
154 (1.420164819927962, -0.9947100134298689)
155 (1.4736996805397258, -1.0192126348661816)
156 (1.6511874014532582, -1.6519154353347367)
157 (1.546784322611465, -1.1879183358995722)
158 (1.6026155496777186, -1.6699285813850064)
159 (1.7212362094552256, -1.9918187288452527)
160 (1.739404974635201, -1.9378477292154421)
161 (1.8502420293558997, -2.246523927129167)
162 (1.662975330197795, -1.4340197233542324)
163 (1.7986924221819771, -1.9235171308462558)
164 (1.6193883368773148, -1.1670932035466117)
165 (1.6617366028931135, -1.4797083347631763)
166 (1.8985001532473869, -2.546183999823268)
167 (1.7576984674960117, -1.8916003003162085)
168 (1.6407936957301175, -1.6173465999837329)
169 (1.721701458553471, -1.7233353121471453)
170 (1.7284736375307808, -1.9398195664779936)
171 (1.714180660632195, -1.600852963605239)
172 (1.6856513636166917, -1.6031111766553388)
173 (1.576029563398434, -0.8213060660759167)
174 (1.9738091003907001, -3.2278366740439646)
175 (1.6274633345954526, -1.293363911839574)
176 (1.70262127086264, -1.5901757803903467)
177 (1.595748870981475, -1.1694156006208263)
178 (1.9020597919579139, -2.7328305736364915)
179 (1.7947826310637456, -1.971959681303758)
180 (1.5686834719171436, -1.4513099599247272)
181 (1.5254403181129768, -1.1565156386644984)
182 (1.6330562328603093, -1.810369974039101)
183 (1.5746323813656238, -1.549729942583125)
184 (1.6952892589260757, -1.7472117167363803)
185 (1.530934574331765, -1.557660822156735)
186 (1.344512568190718, -0.6197583374455652)
187 (1.614104105796964, -1.717586776126549)
188 (1.7453511478934656, -2.1684300766087157)
189 (1.695501753090969, -2.034558006922185)
190 (1.5274295682524481, -1.459312451581279)
191 (1.3726684899226043, -0.74273790022975)
192 (1.6443493652521106, -1.8725226362402607)
193 (1.6502839758038286, -1.60683580343979)
194 (1.492765080052052, -1.0325443061529014)
195 (1.5070362819853005, -1.1977288742419168)
196 (1.6493382451571557, -1.6952892851103436)
197 (1.7232594196879178, -2.167602626380719)
198 (1.7997879504076206, -2.8065746820378417)
199 (1.7695176187804242, -2.2335899090707376)
200 (1.7021105731267665, -1.4582996978871996)
201 (2.014544655392366, -2.710394709938949)
202 (1.875781285513604, -2.151446168016777)
203 (1.7801725930328187, -1.6602584004182779)
204 (1.9950724802107551, -2.6303765361316715)
205 (1.902416313247392, -2.2955574077696714)
206 (1.9245366495032932, -2.402042456172607)
207 (1.9414167593735494, -2.315580647221714)
208 (2.0415119877118983, -2.8747312124242903)
209 (1.9260311868562987, -2.269094322283704)
210 (1.8799502836916113, -2.156738262998774)
211 (1.8527649210423323, -2.068585336184922)
212 (2.0115905582311724, -2.790105620569343)
213 (1.882238203872819, -2.1471186993777933)
214 (1.9268763873764618, -2.6477770180917553)
215 (1.9768383812054138, -2.562149432269496)
216 (1.9905648035015626, -2.5555916444849656)
217 (1.5989791266891296, -0.9173890175271271)
218 (1.9031422372730846, -2.355541232169862)
219 (1.8617836856470666, -2.0023869801476866)
220 (1.7740436002647002, -1.862765707330333)
221 (1.8071697247035463, -1.8591973864884082)
222 (1.8768347526512348, -2.4455480469150968)
223 (1.9302742016827545, -2.5229515075149678)
224 (2.0625741341734276, -3.067021702509376)
225 (1.7798552850904599, -1.8981767500575362)
226 (1.9114043870830342, -2.5763277895756347)
227 (1.8051516582945106, -2.155146079139624)
228 (1.9561217247288354, -2.640493172242978)
229 (1.6410705940684849, -1.1643558169017667)
230 (1.8389406646851103, -2.2035469846148543)
231 (1.8424633290933998, -1.9079520474563798)
232 (1.9114057318637891, -2.491553941030684)
233 (1.673276086302017, -1.2675504165727816)
234 (1.9319633840748425, -2.5098064124032837)
235 (1.8207992932945043, -1.9315944579773798)
236 (1.897241940632831, -2.421860942823918)
237 (1.813167183155913, -1.8723261178094077)
238 (1.8700822036520077, -2.2388111628971332)
239 (1.812587561732943, -1.9020567083240787)
240 (1.9955771582343058, -3.2158350329687306)
241 (1.691846930296149, -1.4233251115368168)
242 (1.7183840307355718, -1.5726192653872235)
243 (1.8354191412330203, -2.0449565434361587)
244 (1.8181451054522206, -2.277222507341152)
245 (2.0275649940894294, -2.8967924874677227)
246 (2.033944486624152, -3.164068473480779)
247 (1.6698100204132462, -1.5267177003253154)
248 (1.9925950902644207, -2.9305519934173208)
249 (1.957416245540462, -2.6590788958283382)
250 (1.9907570952821443, -3.152201547484164)
251 (1.7839429579204964, -2.1114814981591143)
252 (2.154349997120128, -3.9651939174749384)
253 (1.643248393255923, -1.241070870032316)
254 (1.9439129379097764, -2.561865009154695)
255 (1.7454114588822847, -1.6773756590228177)
256 (1.8440245682532364, -2.1589803569811266)
257 (1.798692598917111, -1.8546425417149275)
258 (1.8715101844515065, -2.3533956795775226)
259 (1.7547637499130713, -1.6854656338362675)
260 (1.8795783446859704, -2.511544298594531)
261 (1.6932410257573736, -1.5304695637704038)
262 (1.8016974662199767, -2.0842397324988964)
263 (1.990202010402691, -2.9690198486168824)
264 (1.7765199733880805, -1.9746512067734574)
265 (1.74727463353939, -1.8815761363456827)
266 (1.9723495853182749, -2.921861792356066)
267 (1.7255894267314171, -1.4592019114862682)
268 (1.6948334998305616, -1.67462808590785)
269 (1.7373553983344328, -1.6875089392777434)
270 (2.00239493894564, -3.011315003047108)
271 (1.633487212537933, -1.2569253096287718)
272 (1.7009198749925023, -1.532428961262514)
273 (1.9192376293074818, -2.5449895041537056)
274 (1.9765322773425045, -3.034623793404046)
275 (1.7751774388744117, -1.8879044107605394)
276 (1.6787308923293205, -1.4456609228500512)
277 (1.629817173154704, -1.2562956602283522)
278 (1.7626039328712753, -1.904996316189425)
279 (1.7682070035355704, -1.8008996022129893)
280 (1.6159546180636502, -1.4732488509611616)
281 (1.667943133051344, -1.4372203242842743)
282 (1.6782304046732448, -1.7134049252723071)
283 (1.6749875956264573, -1.9916936661013735)
284 (1.8731982029037593, -2.4823513389052274)
285 (1.7592343134965553, -2.134569001340238)
286 (1.9161268742517243, -2.8118284220382552)
287 (1.535173899941663, -1.0096536043866535)
288 (1.7755053813145845, -1.9793693336617888)
289 (1.5908280761568763, -1.1669383919637115)
290 (1.653455718664354, -1.7713408545255478)
291 (1.5970945063091453, -1.1647328610006262)
292 (1.8776879278139675, -2.687180943928348)
293 (1.8562025871487753, -2.425214494327877)
294 (1.7746839679655857, -2.2043643639189483)
295 (1.591776011240474, -1.225663152110517)
296 (1.6987931267156604, -1.8722516175547739)
297 (1.7111511162302522, -1.76587633908627)
298 (1.6478057450057606, -1.759681940409951)
299 (1.5712830117251542, -1.1710833015733213)
300 (1.6546425934257951, -1.8584664460583096)
301 (1.8244640114626087, -2.5471444711913933)
302 (1.9416007972632128, -3.0043047377589267)
303 (1.690160404257239, -1.706762794078625)
304 (1.6940013045742333, -1.8182660018611054)
305 (1.7247388746969818, -1.6063488377506037)
306 (1.9691631574321384, -3.2033111060349886)
307 (1.598849336264311, -1.6946390109238096)
308 (1.646969092170775, -1.6191860389762947)
309 (1.6738176144743584, -1.6404054929604472)
310 (1.584456055752007, -1.3713755265389669)
311 (1.7285793821868551, -1.9604131703201444)
312 (1.6814368684901093, -1.5727559444154289)
313 (1.635707237221677, -1.6785944307925487)
314 (1.6449711052706502, -1.8487339749155165)
315 (1.7217647281014161, -1.823892837570508)
316 (1.3675409716884572, -0.6585168711099288)
317 (1.6439071171692314, -1.4497367616127834)
318 (1.8462089220465885, -2.787158159800197)
319 (1.6888386957600523, -1.5983101335427894)
320 (1.6761400670928255, -1.8095430315410062)
321 (1.6993502375846155, -1.9085895570423976)
322 (1.7175427893186848, -1.9730286383488362)
323 (1.5762092466200697, -1.5939177963368811)
324 (1.736161506778051, -2.3438631747329106)
325 (1.512556338366459, -1.221763401624409)
326 (1.5344769463421637, -1.2240333682443796)
327 (1.6713266381279366, -1.4948592101305658)
328 (1.6890764288748343, -1.8496788770421935)
329 (1.669519663009965, -1.5951692036132576)
330 (1.7230040453721729, -1.9323302718587125)
331 (1.4734835834143976, -0.8635339364641047)
332 (1.727542911359284, -1.8917674764575005)
333 (1.7662688642301119, -2.166432368239141)
334 (1.7340208358251703, -2.1162202641274788)
335 (1.657109155456464, -1.674175326020582)
336 (1.6621435692951976, -1.7103843248705433)
337 (1.7153568589251988, -2.1150212482609927)
338 (1.4977039639612355, -1.052519119978565)
339 (1.5998656728781644, -1.337400612341155)
340 (1.6603532594446244, -1.8942794088277588)
341 (1.9204800698461826, -2.872926439864482)
342 (1.6964814271460937, -2.1277964301794454)
343 (1.501726899222152, -0.8940462402454064)
344 (1.7997492832238293, -2.1901378016469697)
345 (1.6795801771292669, -1.6568134377159112)
346 (1.756738515225118, -2.2381000011510346)
347 (1.6016740482962226, -1.6275219096956512)
348 (1.7515320121987559, -2.257281478629216)
349 (1.5721786479214586, -1.2580106799665505)
350 (1.824671822958906, -2.535312334856912)
351 (1.8339042213317198, -2.3872728874406404)
352 (1.7285293788668967, -2.1809697702803463)
353 (1.7062680437147812, -2.0615724310823094)
354 (1.8323461549500806, -2.3142063455195325)
355 (1.643537264165815, -1.853933199365094)
356 (1.978087237444943, -3.5304577320519557)
357 (1.3088304428809792, -0.5769865136651072)
358 (1.5930773714107311, -1.4926704616758806)
359 (1.561976487395893, -1.3850676468063874)
360 (1.956894344445858, -2.808935679099746)
361 (1.6503705212034123, -1.44886125285431)
362 (1.701042442084664, -1.5724646223642547)
363 (1.7814921811776525, -1.9940336736721291)
364 (1.759713917349682, -1.9830861109568638)
365 (1.7589781857149607, -1.911303427542136)
366 (1.8256888343862518, -2.230624613025226)
367 (1.7739539462056928, -1.8585996279608241)
368 (1.857486098979708, -2.370333524982965)
369 (1.451668518502904, -0.7869912113320343)
370 (1.8660559013752576, -2.71802089656543)
371 (1.7298087855401312, -1.90785285752022)
372 (1.7490414862130166, -1.9780863956290922)
373 (1.722444861998234, -1.898156649845601)
374 (1.6932536843258847, -1.7197076225820607)
375 (1.7807059235869118, -2.1172735949800643)
376 (1.7350842053848567, -1.88601717253101)
377 (1.6212826402673495, -1.2785196037273945)
378 (1.8004620720005682, -2.4787767615993017)
379 (1.7950013350383702, -2.012586071580758)
380 (1.5393288308935857, -1.302098988969653)
381 (1.6540762995400222, -1.8359331719236798)
382 (1.6507165308019778, -1.5918059977664474)
383 (1.6079129394288536, -1.5383948111213714)
384 (1.6820830135630882, -1.7845217821947017)
385 (1.5767558033929234, -1.4430939588235103)
386 (1.8307786597564861, -2.5464836513951723)
387 (1.7511628259451033, -2.175907542403185)
388 (1.7192989328921002, -1.871029690363935)
389 (1.6013018752868153, -1.8664366668256696)
390 (1.5890182411875826, -1.5643051344390737)
391 (1.5661973871812722, -1.7779076580015927)
392 (1.6512075623219582, -1.487170269374523)
393 (1.7045749700010813, -1.7218423770486104)
394 (1.7349498314184926, -2.0784204329890112)
395 (1.5362217110385619, -1.330182050529048)
396 (1.6062885905413764, -1.7977871482847279)
397 (1.6928268324883486, -1.989998553081596)
398 (1.8243585030714815, -2.175102537308372)
399 (1.6764751546646444, -1.5407906798407929)
400 (1.72179086040749, -1.5011118684920728)
401 (1.6177349403918728, -1.2733844212848047)
402 (1.7348621740284451, -1.8392096180417552)
403 (1.6113511308731692, -1.3015153696042407)
404 (1.9788347538141995, -2.97687348751904)
405 (1.9412088927527946, -2.661805568484231)
406 (1.762338015049747, -1.741810295872233)
407 (1.7719899100686982, -2.2329289253544564)
408 (1.6888718650731538, -1.5416525515528654)
409 (1.6444502533446992, -1.4934342998091736)
410 (1.6134503211250588, -1.1621179404975883)
411 (1.5335803633215883, -1.0467025082373764)
412 (1.9086758133085657, -2.493399560495168)
413 (1.853955485369731, -2.6071316300348264)
414 (1.8125838440049753, -1.917241820578426)
415 (1.869936793086336, -2.405560461255305)
416 (1.7802918534490986, -1.7769168539133577)
417 (1.9897040351086237, -3.203561549967262)
418 (1.874116714414446, -2.620785742976502)
419 (1.896913410087834, -2.642966388618529)
420 (1.6233507674466479, -1.1868878723709546)
421 (1.728570007349776, -1.8445955376009409)
422 (1.628079228168348, -1.1338367365569133)
423 (1.722402096894708, -2.0920604720201332)
424 (1.5781770550715668, -1.4018119068544719)
425 (1.805085584992868, -2.371655252087538)
426 (1.470894699899999, -1.1720947158140727)
427 (1.4948103438297, -1.1930266533058704)
428 (1.8307258621970937, -2.0388751848723317)
429 (1.7177699000085171, -1.8727656321446748)
430 (1.5910472714085475, -1.0914985813348634)
431 (1.3739037263091505, -0.6284539083879409)
432 (1.6957740568898596, -1.5251916967620063)
433 (1.697923443447621, -1.4753253757663145)
434 (1.8549604717340302, -2.6167719273197645)
435 (1.1982682751565614, -0.29281434880129026)
436 (2.0351797272326912, -3.067675491920676)
437 (1.3804860319868741, -0.8634544290894084)
438 (1.9521306419669695, -2.7662066327370285)
439 (1.8567732527304126, -2.7021655090775036)
440 (1.5441715207321296, -1.193357513850968)
441 (1.7674387858237086, -2.475229903636721)
442 (1.6717521226598642, -1.6444207743921597)
443 (1.3729588639293617, -0.9216390580688409)
444 (1.6062006529605946, -1.2113226170848568)
445 (1.3213264956437785, -0.838630416338199)
446 (1.7697371268973159, -2.214069972697899)
447 (1.1978900972988067, -0.43091740298748077)
448 (1.4582297605146086, -1.0463782766864416)
449 (1.4411401382434577, -1.2787635948125686)
450 (1.5975007686359022, -1.2170861479940385)
451 (1.61055616325358, -1.2782703359511642)
452 (1.480998946440122, -1.6687968463226248)
453 (1.4695638752492053, -1.2209028961148998)
454 (1.6281788339792622, -1.7278159578631667)
455 (1.7522774945411297, -2.877951544490614)
456 (1.6161881984469646, -2.3303088557148484)
457 (1.7239356779235653, -1.7775571469229245)
458 (1.5887232748359088, -1.5819365869307784)
459 (1.3021196272220739, -0.7355852243765343)
460 (1.7121693199120955, -1.8064141944103864)
461 (1.3914631412633864, -1.0995783584584096)
462 (1.7213992716011064, -2.526886736934388)
463 (1.1771304945071286, -0.5750803137324327)
464 (1.3414620096154972, -0.8245713659705077)
465 (1.2462591746684302, -0.864315112682986)
466 (1.8741122371813221, -3.0604251928978177)
467 (1.8368150008996287, -3.333912672719442)
468 (1.5671338415168443, -1.5099711260224968)
469 (1.3416319217562724, -0.8939907841628932)
470 (1.5732794630040194, -1.2325488178205841)
471 (1.2315228952047008, -0.6511779772546146)
472 (1.2619692636820887, -0.7734578061181218)
473 (1.03989474085318, 0.04007187890973245)
474 (1.6794308336504542, -1.5891450508800449)
475 (1.166623039649605, -0.5871600142891573)
476 (1.4185645553605513, -1.105968789447395)
477 (1.3628984339378638, -1.0228083700300052)
478 (1.574293931322958, -1.3024426134925406)
479 (1.1549797061381022, -0.33489094998539165)
480 (1.3219484115085163, -1.1146576934912107)
481 (1.269426233947836, -0.6679283828396526)
482 (1.448550838261946, -0.7209892422879145)
483 (1.4970125901993538, -1.5928283589477286)
484 (1.2082415315985928, -0.43358008367486334)
485 (1.5523037881038646, -2.166288759538016)
486 (1.1800946228028169, -0.6215508212217828)
487 (0.986787704210783, 0.0766363678717021)
488 (1.2017867450717048, -0.42286945659184266)
489 (1.6632545184922445, -2.1940117270442627)
490 (1.51560568399316, -1.6403646337622273)
491 (1.3747050441101285, -0.9905920290626871)
492 (1.344090825301636, -1.169760117965695)
493 (1.6203497059879577, -2.1501574710245173)
494 (1.3698972818144801, -0.9320953813412776)
495 (1.087065247438635, -0.35745536657903837)
496 (1.2084956228111314, -0.019015938571113476)
497 (1.0501914078787833, -0.1939025142042134)
498 (1.1040375181593287, -0.46216632017555154)
499 (1.374813436863281, -1.6276685806074842)
500 (1.2789276964553324, -0.8010234651308971)
501 (1.1726302162339912, -0.49097029349768384)
502 (1.217344719183796, -0.7591012838276081)
503 (1.1618703640906627, -0.4764969269963829)
504 (1.1795652494125537, -0.977406308386458)
505 (1.223412343321215, -1.2021678703966787)
506 (1.5113463817915764, -2.164922881141601)
507 (1.2634792482125048, -0.9327225903958006)
508 (1.5295986845701388, -1.424060080400546)
509 (1.6318322555033409, -1.6729201532320779)
510 (1.606809563523231, -1.5241506446064423)
511 (1.0389927810949628, -0.664915989729874)
512 (1.102292060142611, -0.5310290781928848)
513 (1.2143029153923282, -0.6030156402219101)
514 (1.4379129185266375, -1.2224637675871433)
515 (1.1621236788082165, -0.5050949012529016)
516 (0.9862998554857293, 0.06406661027009296)
517 (1.066703714794567, -0.18599871112752428)
518 (1.5796147974027221, -2.4623330771785397)
519 (1.057210823103966, -0.23580113791996246)
520 (1.422096473598115, -2.003461325839376)
521 (1.2010264080873336, -0.9547512199942287)
522 (1.1644654014568443, -0.44287374227629656)
523 (1.2522754009533985, -0.835761403875459)
524 (1.2724087334850185, -0.9976937906572492)
525 (1.1317198052469852, -0.791593305645132)
526 (1.01352172316319, -0.16616530097476)
527 (1.1296971090862113, -1.0055508635425754)
528 (1.1753871654212609, -1.027986515665152)
529 (1.1345939373355838, -0.7648387563363419)
530 (1.0559811272398199, -0.5686491205041568)
531 (1.079530198818565, -0.02133800691621767)
532 (1.0358001968682666, -0.3172511116374412)
533 (1.0681756619535985, -0.7835299482560769)
534 (1.1254417256873597, -0.4692874887849066)
535 (0.9665971870766951, -0.15982253244381833)
536 (1.1704116076581366, -0.6201346980500525)
537 (1.1487039573371183, -0.6303421880073126)
538 (1.3569832336587908, -1.3171652881766533)
539 (1.0323338802824389, -0.2502924084369102)
540 (1.0476380230193176, -0.27015065994966303)
541 (1.1885824242643839, -0.7505995019474797)
542 (1.3836388515548075, -1.238594131516871)
543 (1.2379377031398056, -0.3064648009182492)
544 (1.054232572639638, -0.15120506673978282)
545 (1.0875652276948333, -0.589078222246639)
546 (1.1736536055307678, -0.7033120526642614)
547 (1.0942362548149236, -0.6349465718642697)
548 (0.9239755215102253, 0.1553016016538941)
549 (1.1326694710455516, -0.7206970262575174)
550 (1.374817972082339, -0.624038141309828)
551 (0.9669547336323053, -0.2868910118104765)
552 (1.1144454644200912, -0.6140921651269268)
553 (1.1677865223453205, -0.7005785456328425)
554 (1.599755936008258, -2.937184499111253)
555 (0.9547392400910175, -0.3247991680183202)
556 (1.220575003956413, -0.713057949249143)
557 (1.011741488908255, -0.40591392553529576)
558 (1.0485283837103434, -0.17559802983680758)
559 (1.2508347148810532, -0.9983276614050277)
560 (1.5962991165832074, -1.4164556526985137)
561 (1.2479626898588174, -0.6166356200559003)
562 (1.264699618312848, -0.7862811133742961)
563 (1.4047242362185304, -0.8469578192492658)
564 (1.0712058488986735, -0.30557336996202045)
565 (1.254515030349648, -0.8403835623191549)
566 (1.1453801252374076, -0.25728445912579856)
567 (1.0420972352931819, 0.17492724181674385)
568 (1.214014597657041, -0.8637925080075397)
569 (1.2652685190341997, -1.5170748780650924)
570 (1.3787067978335397, -0.5936443823357679)
571 (1.2889917380898628, -1.037722434153818)
572 (1.0902080294506935, -0.6710501627444931)
573 (1.8334369311712533, -2.622060896261975)
574 (1.6180842964906874, -2.1249131718630925)
575 (1.6706045635089095, -2.521048456461063)
576 (1.4897420488411515, -1.5238143443365586)
577 (1.6290030410257728, -2.2262626470017577)
578 (1.3003458809465245, -0.45315503470198804)
579 (1.5596172131115682, -1.5063612615504358)
580 (0.9496336503739902, -0.2743609705200791)
581 (1.26145344293369, -0.5411779500149506)
582 (1.1262268123598698, -0.4946796840306161)
583 (1.1394419963760485, -0.8824550417691601)
584 (1.223457082817871, -0.7869198906552106)
585 (1.0547998138924697, -0.17653598103864843)
586 (0.9106136919381908, -0.3080045835908278)
587 (1.066550680397356, -0.46958688834948176)
588 (0.8870603787412238, 0.33976824309711845)
589 (1.2443955241544586, -0.9613722128758465)
590 (1.129476426859059, -0.7406046835289896)
591 (1.027610731687159, -0.4300389428227763)
592 (1.0614393053232782, -0.7285429777382759)
593 (1.0163306690115663, -0.8231220007625965)
594 (1.1526231438970773, -0.734707097211081)
595 (1.4754233670457173, -1.2810720396156068)
596 (1.1958762651168904, -0.7256048628372603)
597 (0.8807790953535373, 0.22720564770873486)
598 (1.0117300326536038, -0.902752726429225)
599 (1.020497913467793, -0.3758965630230192)
600 (1.719485336807455, -1.7440118727708525)
601 (1.6649270526538031, -1.5729866377536679)
602 (1.7684509638121422, -1.7543680013652687)
603 (1.7201695704045732, -1.5121785788977142)
604 (1.6425738554876632, -1.507309266164525)
605 (1.6251340994334458, -1.4578478286237502)
606 (1.7624310387498041, -1.7546545414099324)
607 (1.6908349115299226, -1.743999878374205)
608 (1.413593057964566, -0.7589702201004553)
609 (1.5941212857500238, -1.2457035924314568)
610 (1.6818752104208847, -1.579403508570379)
611 (1.7673425815913113, -1.9253931481713469)
612 (1.6858888950179283, -1.4848706627239288)
613 (1.7636904266257756, -1.6256555394956242)
614 (1.8967671337610599, -2.4664495671110687)
615 (1.6812582300835044, -1.5560809162566975)
616 (1.7373992969289078, -1.4590002007220466)
617 (1.6038420583157997, -1.21907478978045)
618 (1.7048884877153143, -1.4543418910834014)
619 (1.7710782109615082, -2.0704455526315906)
620 (1.7226229547623664, -1.7719887927016829)
621 (1.4980841996531646, -0.7264029581946898)
622 (1.8185245972326003, -2.5009353365298517)
623 (1.684981338530909, -1.4653289034392416)
624 (1.608561590027665, -1.1776629075277352)
625 (1.8805134391198524, -2.5504209209954336)
626 (1.5715197868290889, -0.9398484488209812)
627 (1.7195685168950372, -1.6965452687110336)
628 (1.528945312611193, -0.8446139394957074)
629 (1.710999593953349, -2.0608658746533233)
630 (1.2818614143167841, -0.41094944470398703)
631 (1.6248741168083143, -1.2763290706834736)
632 (1.9416212333596403, -2.8397498215641925)
633 (1.5998248282669136, -1.162256575754148)
634 (1.6529688308717558, -1.4158143020900156)
635 (1.6204412232922756, -1.5699043175424425)
636 (1.7049000086066213, -1.9552336420017176)
637 (1.604732279727442, -1.6653098923492435)
638 (1.6599094922168343, -1.4852799382989967)
639 (1.524717797258197, -1.0937188853518456)
640 (2.013871925767328, -3.5796470972121557)
641 (1.02387077106975, 0.24135899433728547)
642 (1.5962579168860445, -1.1791510904393807)
643 (1.5547812836436867, -1.247660970544073)
644 (1.5605448547566048, -0.7864140076344908)
645 (1.688741047193783, -1.6044303174520878)
646 (1.678045094164352, -1.5375164563723924)
647 (1.6376061892100655, -1.7767580256325735)
648 (1.1402121018114193, -0.3364472190159096)
649 (1.2176665683132084, -0.31376851276317835)
650 (1.6514272800894936, -1.3441123465968863)
651 (1.5218054409134267, -1.1550681823028768)
652 (1.3976775409771631, -1.5219219292443467)
653 (1.5874503564002185, -1.3887893585546953)
654 (1.7321717922174251, -2.0089766963292024)
655 (1.6419234793844812, -2.315966799214916)
656 (1.5091939449421163, -0.9435390976972756)
657 (1.6992642587728057, -1.743745636772438)
658 (1.3837407363881926, -0.9110174849173431)
659 (1.2320845242471468, -0.5791176432789992)
660 (1.3966957541064369, -0.4103436453442979)
661 (1.7464176992305758, -2.6504567907972927)
662 (1.4972392571743756, -1.077194177043421)
663 (1.5455007504003264, -1.3251395432391933)
664 (1.3576953157883282, -1.0878954903968927)
665 (1.4303205826986185, -1.447184506738633)
666 (1.5260677929535635, -0.9600096524117803)
667 (1.1663272273438796, -0.6638463566307959)
668 (1.921354566444672, -3.3558033303264643)
669 (1.4416269122170458, -1.3812825901282237)
670 (1.6408380164352137, -1.4068074219277045)
671 (1.6166556186727061, -1.9001130141287872)
672 (1.2089813675335708, -0.5879648674422953)
673 (1.073437164338801, -0.1735015030590315)
674 (1.8578867243405432, -3.0209624916637483)
675 (1.6061548438738737, -1.8441617763158136)
676 (1.3393258654380054, -1.2453611858251)
677 (1.3890742337108395, -1.3077908204780866)
678 (1.3351599484195087, -0.8636519550207401)
679 (1.1483832697069631, -0.6714107062148433)
680 (1.1394475482236148, -0.40536325908774923)
681 (1.3776035848470645, -1.4121482827026892)
682 (1.1842954258127596, -0.825737238675881)
683 (1.4105382956920494, -0.6654011825629815)
684 (1.329719626979374, -1.3431114856421769)
685 (1.1706159261890245, -0.7447427446450524)
686 (1.404518249811195, -0.9542454719156984)
687 (1.2846841031757383, -0.5275260085047079)
688 (1.1641830375476723, -0.45325922704833665)
689 (1.1741991312513615, -0.6035978073037822)
690 (1.462734612503588, -1.2452491349955739)
691 (1.5064165208612916, -1.7229169059692708)
692 (1.4281106857401358, -1.463254003517879)
693 (1.3015634306384676, -0.7765394601981715)
694 (1.8294617576739869, -3.0728334173293304)
695 (1.6953931007635834, -2.494701944987791)
696 (1.3608855072893848, -0.8900561062693979)
697 (1.408829462260226, -1.7323621922871693)
698 (1.0821381813296502, -0.40151112582730175)
699 (1.6714444850679728, -1.7455972318577555)
700 (1.3844816342211201, -1.3514392382992868)
701 (1.434860620268524, -1.089545529431599)
702 (1.3878364100897709, -0.6994202018777129)
703 (1.177325403489801, -0.09356025461079275)
704 (1.3193438172195322, -0.6980172799651755)
705 (1.1635879803987013, -1.206798277810738)
706 (1.3775666816258214, -1.3141768307724817)
707 (1.1033181481210221, -0.3740604872262083)
708 (1.3716292442506897, -0.9792648007730694)
709 (1.5013514990407082, -2.552291676366398)
710 (1.175294484946009, -0.6623897150171894)
711 (1.5293226057848333, -0.9631045064957255)
712 (1.1305023030612966, -0.39771643090711933)
713 (1.1039751125007933, -0.3387825493688925)
714 (1.228627630782787, -0.9030841456601477)
715 (1.286348837946295, -1.1268491506064329)
716 (0.9718434043528399, -0.12623377068695035)
717 (1.264179590119298, -0.8033800013029101)
718 (1.3608340535771095, -1.143227675018577)
719 (1.3344764155661974, -0.9050617809470147)
720 (1.1849618244908369, -0.5207439733552541)
721 (1.488004220004771, -2.0314158088758227)
722 (1.0309571064804002, -0.3871821050200432)
723 (1.269339820648944, -1.0092614233077797)
724 (1.2743886849576649, -0.9295180475061156)
725 (1.4759039274976402, -2.032530890354639)
726 (1.6154385621595693, -2.6088352633866516)
727 (1.2776108192887055, -0.8707382471553445)
728 (0.8159522549046317, -0.15479501038835988)
729 (1.0825744313666403, -0.250188715323792)
730 (1.7615787337966424, -2.566573295852272)
731 (1.041679143270869, -0.6551036174284892)
732 (1.1266653394641675, -0.34230187136839346)
733 (1.4820275219739674, -1.3759511704697653)
734 (1.187321279013657, -0.3279816592496266)
735 (1.0554804834656908, -0.3809759412877969)
736 (1.3350812369069025, -0.3581837433672534)
737 (1.057732291525013, -0.3036069500221692)
738 (1.5157419164836834, -2.2842668894476086)
739 (1.3235386426778304, -1.1643473469251115)
740 (1.1157479812750373, -0.6170233811376694)
741 (1.1384860437973123, -0.5279457489994183)
742 (1.0774807520258793, -0.40426968993815215)
743 (1.109253711669453, -0.5292999438553918)
744 (1.0888601886849347, -0.1229915166189905)
745 (1.0123195867544788, -0.28909728143537883)
746 (1.1731357022260682, -0.6470155211646265)
747 (1.1935372323405573, -0.6435457314671312)
748 (0.984294422751391, -0.3362790968057958)
749 (1.3471937620509264, -0.92065587913799)
750 (1.5102888466516322, -2.2530448623144808)
751 (1.2158778070228151, -0.14102026162791706)
752 (1.2370840009727648, -0.9133699018067098)
753 (0.9591670103763356, -0.3609049929171717)
754 (1.0875495525656462, -0.6842534366174791)
755 (0.9929062663687971, -0.19762037319787892)
756 (1.1688119579098035, -0.5103852866682169)
757 (1.528027455536445, -2.031046359331206)
758 (0.9139962212816963, -0.14577544096561584)
759 (1.3370086645264019, -1.052527298150989)
760 (1.3885989542282124, -1.3942270628482276)
761 (1.6639551545897433, -1.7188471256308826)
762 (1.2916790477736384, -0.2309495512641571)
763 (1.0671327389177545, -0.05900499315642604)
764 (1.5128654085847744, -0.8479832719517449)
765 (1.503466608275022, -1.4726378689149562)
766 (1.4966525599732212, -1.2724328285496975)
767 (1.1706027347566281, -0.5549930593741468)
768 (1.5528644298082648, -2.1275988849861887)
769 (1.3973835026627626, -1.1807892309385262)
770 (1.3697680623773607, -1.3776445752729631)
771 (1.053379266951722, -0.3323746668034329)
772 (1.7879735781738562, -3.4938899867020687)
773 (1.562875064306599, -1.5459340554906318)
774 (1.0064130873951342, 0.0712149008844958)
775 (1.5041120458184176, -1.277474158000917)
776 (1.0727328413991302, -0.327283691832305)
777 (1.2064770114501717, -0.5606284090809489)
778 (1.5229403865640758, -1.4633424798214596)
779 (1.021196206275481, 0.0660758903848802)
780 (0.9389066799970001, -0.106309284680635)
781 (0.8996370799338441, 0.1567224192054203)
782 (0.8934909643922134, 0.04020788438579225)
783 (1.0413199020256636, -0.49000547671015654)
784 (1.5844412199669093, -2.4863124535391123)
785 (1.0491506787191593, -0.3287869652490026)
786 (1.3065980426770691, -1.0761594236029075)
787 (1.235243469285149, -1.1406547009565753)
788 (1.2708790232664158, -1.3178082608898292)
789 (1.0959155145462445, -0.19267285721436891)
790 (1.1594307183507393, -0.3804895299963053)
791 (0.8852273625274018, 0.19180904678752952)
792 (1.5141061947066252, -1.5206140096968832)
793 (0.9811117688586382, -0.3925761287965683)
794 (1.3116743539042965, -1.4754476575318058)
795 (0.903660092860959, -0.27257084997026937)
796 (1.4743769160480626, -1.3622409195787732)
797 (1.0608784195826562, -0.2964889640145647)
798 (1.0767139459447141, -0.3852416173833363)
799 (0.8996116488931818, -0.3104725921940875)
800 (1.7745548490948726, -1.8694557827525589)
801 (1.8719009559480355, -2.1353364796165133)
802 (1.8493301888715663, -2.077010884366034)
803 (1.8780593305004876, -2.1936162621507265)
804 (1.957214779366971, -2.6615758827250247)
805 (1.8849269527681562, -2.2435591444630028)
806 (1.8636852773367107, -2.0930287777277004)
807 (1.8306273625916627, -1.9695047080444883)
808 (1.9994069613723255, -2.7321987209031415)
809 (2.2241986176544004, -3.86696654758677)
810 (1.8598427771248356, -2.02331641842082)
811 (1.963590755517129, -2.4217565589220325)
812 (1.8072747180943052, -2.117510423650659)
813 (1.8095812898763055, -1.7431831755227236)
814 (2.094770007147181, -3.366715592304707)
815 (2.132896515070835, -3.392884751008373)
816 (1.8448126212841123, -2.0245435988679934)
817 (1.7454107191333414, -1.477345079973727)
818 (2.023338062892749, -2.8926829862060073)
819 (1.8599762638552124, -2.151473385792654)
820 (2.1266659582786045, -3.707630328332189)
821 (1.8394110043036689, -2.2619692406981198)
822 (1.7477146816413291, -1.5937023521255673)
823 (1.8550568288746236, -2.295422756481804)
824 (1.756659162774437, -1.675857396214957)
825 (1.751249778889786, -1.6303820137200236)
826 (1.7051377448874667, -1.5365216092130858)
827 (1.7572346541769348, -1.6348246328368161)
828 (1.9223696764960494, -2.640553533584534)
829 (1.7265053986231478, -1.9593650357728125)
830 (2.075646975804537, -3.550884690825192)
831 (1.8497149587239385, -2.081995767288704)
832 (1.7420627009759444, -1.898738811090725)
833 (1.6065708727994177, -1.3552928319270454)
834 (2.0019237193971313, -2.8690888050664425)
835 (1.7765217735637453, -1.786160824419199)
836 (1.9927717290699665, -2.731338158614594)
837 (1.8312627293521548, -2.267239196563789)
838 (1.8728525653523034, -2.2865317847141506)
839 (1.7775582238480647, -1.974404369730975)
840 (1.8654258688674943, -2.3566123060765256)
841 (1.9823399423399009, -2.9634554100103734)
842 (1.7228220373861811, -1.965700783979058)
843 (1.7487784691328132, -1.8558213264264636)
844 (1.9358967014246817, -2.9052690342750167)
845 (1.6645852027197188, -1.3286705923745608)
846 (1.7836443537407691, -2.143006348190461)
847 (1.6849068015568296, -1.4982504832364933)
848 (1.8989339173533175, -2.5145366167807905)
849 (1.7295617488397381, -1.8235461280362675)
850 (1.6874937726027477, -1.7182794464343831)
851 (1.7006164640053452, -1.8539891865300187)
852 (1.8226858076357624, -1.908963535428211)
853 (1.78134390786456, -1.9567140263975396)
854 (1.7394541668387533, -1.7934223527463629)
855 (1.8382349924389143, -2.1711927150050268)
856 (1.8736258332073765, -2.3172216642112144)
857 (1.6538265105298995, -1.416193094046391)
858 (1.846399693671231, -2.565395035736005)
859 (1.7556874872737305, -1.8508009875172646)
860 (1.6187513937773819, -1.3851071940693247)
861 (1.984762541626863, -2.9787924861530644)
862 (1.8488434376154914, -2.4467523333968053)
863 (1.868200744123652, -2.5269364324443115)
864 (1.698037634989486, -1.5095480594747406)
865 (1.556686384860515, -1.2705486439029703)
866 (1.973702796448227, -2.8419435857690596)
867 (1.696660759914154, -1.5945956346754127)
868 (1.8551524121511695, -2.324714521452114)
869 (1.5949555084820395, -1.3181100889311719)
870 (1.750502792463282, -2.1610333591597604)
871 (1.575207900224788, -1.0580618046567127)
872 (1.7699429721788469, -2.1512762579841387)
873 (1.5477804341322052, -1.2242043967475507)
874 (1.72798995060752, -1.77202272794886)
875 (1.59042296643294, -1.2266766728758434)
876 (1.6039821202607454, -1.3873803560857387)
877 (1.925225212999531, -2.6635042979095873)
878 (1.7319128976408902, -1.8627317604787568)
879 (1.7330827701821352, -1.806188214749199)
880 (1.6519029091150406, -1.5307536962898143)
881 (2.012678996147805, -3.1315593921975617)
882 (1.6561432187390852, -1.78799632100806)
883 (1.803737603081033, -2.4272223072575545)
884 (1.6148071963422383, -1.4751702762567842)
885 (1.5512340444859312, -1.5217383900748838)
886 (1.6317760284086882, -1.6613578773101936)
887 (1.839735980084854, -2.425729405079146)
888 (1.899020127138243, -2.6459838696080467)
889 (1.5451291653824974, -1.0907232647159593)
890 (1.517126070350205, -0.8946339501188044)
891 (1.5574919083322194, -1.2751318485645176)
892 (1.704836192288365, -1.86161962827117)
893 (1.9023135999883067, -2.653399812419254)
894 (1.7863691232387269, -2.4520642573315707)
895 (1.6340440347036833, -1.8468481588359318)
896 (1.613209992717746, -1.4902774925878568)
897 (1.5787713967174088, -1.384751506929692)
898 (1.6883623656884181, -1.775278814796413)
899 (1.7357676860883862, -2.0881642022153035)
900 (1.8065787132784006, -2.6601373000972326)
901 (1.6812874485803724, -1.996235039262522)
902 (1.3947865598713716, -0.7837580814745575)
903 (1.6324057687754039, -1.9927992661156428)
904 (1.4970232809707458, -1.4802107030803415)
905 (1.9858868352770258, -3.295904135376513)
906 (1.7928939791215983, -2.4185126783214597)
907 (1.6777470789092648, -1.961129336656225)
908 (1.6313781179970468, -1.6484125791659547)
909 (1.610156176394171, -1.6272358502550028)
910 (1.6208717789480278, -1.2824870807472477)
911 (1.5418711028770071, -1.2771916252766613)
912 (1.6676312754720681, -1.4832332137533375)
913 (1.7410456815569102, -2.0698889755102092)
914 (1.73218011669075, -2.2753737111718464)
915 (1.804075573597125, -2.5240229258415106)
916 (1.849802611845724, -3.198284017735333)
917 (1.4780284708645863, -0.9968371006403604)
918 (1.586731817759406, -1.4749338259509506)
919 (1.4807926758206469, -1.1393582026589897)
920 (1.6333229518588135, -1.9428261875854134)
921 (1.464427060553129, -1.2242594738172279)
922 (1.3194327377860722, -0.4569257789112567)
923 (1.3949389593292212, -0.6893216667690986)
924 (1.7900710015084322, -2.177333539909485)
925 (1.6941731164918958, -1.726418767521673)
926 (1.6247425290542792, -1.3171924750608321)
927 (1.3955581924948122, -0.731671276649348)
928 (1.448118281632486, -0.9830059342505545)
929 (1.56948560290777, -1.589196453095693)
930 (1.5310431384789238, -1.481107125323656)
931 (1.510518354295205, -1.1924930292526128)
932 (1.7299329073022827, -2.150676637967468)
933 (1.5719236440620097, -1.359054103920001)
934 (1.815016140136197, -2.879538163171816)
935 (1.598477668976504, -1.639783426052929)
936 (1.6498658496583483, -1.5689076337645387)
937 (1.7012967043633598, -2.1348032806488964)
938 (1.8059992454015863, -2.4453654152973883)
939 (1.6639917760028313, -1.9599498997984799)
940 (1.7371905124920821, -2.1710358457819314)
941 (1.5403643897134556, -1.4287518629524383)
942 (1.5655164016277676, -1.3708250431343842)
943 (1.393871233598866, -0.7209483647341052)
944 (1.5443013352920805, -1.2393639325480414)
945 (1.48907709548367, -1.1542762918095681)
946 (1.6680196762296544, -2.108657667308321)
947 (1.6284867736215227, -1.738645847573383)
948 (1.843008664066315, -2.5541459351831883)
949 (1.419776028926817, -0.7938498675119661)
950 (1.6650034012123638, -1.9062090313013054)
951 (1.6272268301184756, -1.5697093902939034)
952 (1.6022774810996525, -1.8352117679637827)
953 (1.474989622727382, -1.0223658169383563)
954 (1.4851001764150211, -1.5354981643439518)
955 (1.4773791232210705, -1.2703777779529584)
956 (1.5632780563130295, -1.2300907669385404)
957 (1.516512265468621, -1.2041750487292926)
958 (1.3838798953065146, -0.7056739681625397)
959 (1.180636633765032, -0.18913845708694543)
960 (1.7231333242999802, -1.7515460621176309)
961 (1.799893782673965, -2.123945445919057)
962 (1.7989171226763472, -2.294385250265982)
963 (1.6408880132305572, -1.589137898373576)
964 (1.6278604525181861, -1.3731946986166612)
965 (1.662618330496117, -1.9031903724460268)
966 (1.6853289894844634, -1.7577963935271679)
967 (1.55450141344481, -1.2883050038293056)
968 (1.7232794083500906, -1.990498457830665)
969 (1.76736583000181, -2.501384498763406)
970 (1.8748968509913768, -3.119209081722118)
971 (1.8499760160465732, -2.5998121141881496)
972 (1.67457013631369, -1.9205914225500538)
973 (1.965756399135062, -2.8763828132657223)
974 (1.6717969424410495, -1.4803330606402283)
975 (1.7049523161463445, -1.786865487433632)
976 (1.7007105390505657, -1.7576424079817048)
977 (1.788104231592591, -2.2780269221821254)
978 (1.8340032784930558, -2.4315294430507848)
979 (1.7199276582982648, -2.064119352686074)
980 (1.5088521605246088, -1.3802382828924682)
981 (1.6858588113666033, -2.250629049975576)
982 (1.630853721360977, -1.9283411876266734)
983 (1.28228595266036, -0.6354889651746524)
984 (1.4103216057131478, -1.0628823961689144)
985 (1.382521788051817, -0.9489731189107421)
986 (1.6548128356863618, -2.601771088297634)
987 (1.4085795259498377, -0.9911402877214521)
988 (1.4000542036867192, -0.9765572749851067)
989 (1.484753782799415, -1.1739952677676322)
990 (1.4621328397771136, -1.3024353375390436)
991 (1.483132429914645, -0.9925415260933049)
992 (1.4263425627300952, -1.2347062716996329)
993 (1.479481740276973, -1.3546746235116798)
994 (1.6769781482025963, -2.1614095173021166)
995 (1.5209936443283592, -1.3977551345646095)
996 (1.1578601606679215, -0.254935977819141)
997 (1.2046881583114424, -0.5181494194382927)
998 (1.4425946652024704, -1.4789327870789903)
999 (1.5751814958197377, -1.6898332775081522)
1000 (1.9028162202695411, -2.298340271747994)
1001 (1.7183391054621777, -1.4868505614502645)
1002 (2.0468482111890935, -3.199311489450097)
1003 (1.862822744183314, -2.074430463551201)
1004 (1.821185212129297, -1.864433841566581)
1005 (1.8011592050600098, -1.9909109774806795)
1006 (2.155061137612988, -4.1334172271461505)
1007 (1.916446726324254, -2.2255751774485453)
1008 (1.807663127728817, -1.873029040446127)
1009 (1.8398150981426964, -1.917148710808721)
1010 (1.967698164842217, -2.559101330254111)
1011 (1.951927179908725, -2.673234537981587)
1012 (1.9787615691107407, -2.640770180157638)
1013 (1.8299551154292966, -1.8406250007978215)
1014 (2.022260250192229, -2.812389246230699)
1015 (1.7943689190901713, -1.7645753899204948)
1016 (1.8406000521340333, -1.9230981279912263)
1017 (1.8154237905865886, -1.9214233193797539)
1018 (2.0850259529291644, -3.3375519540807135)
1019 (1.9230435861841564, -2.5108741005144526)
1020 (2.037072001609587, -3.378458356605308)
1021 (1.7552857908467678, -1.6367048939735664)
1022 (1.8704345610182573, -2.079340455020797)
1023 (1.9464810525117804, -2.592792638680136)
1024 (1.9073011305784544, -2.743195977846042)
1025 (1.8975258664918087, -2.259768552808908)
1026 (1.9987856492201412, -2.9730379623897516)
1027 (1.767080309654613, -1.691793566420279)
1028 (1.91037987462016, -2.597155598516741)
1029 (1.8542229036576672, -2.0713557951151715)
1030 (1.8718638349829828, -2.4056901785560285)
1031 (1.8929414361878472, -2.3470392390549164)
1032 (2.0185116168005175, -3.100992858861991)
1033 (1.8299307009240657, -1.9804506355259364)
1034 (1.9088498193153576, -2.4924972567030164)
1035 (1.8316908976404982, -2.0142512676110327)
1036 (1.9078762633432427, -2.8341850997293423)
1037 (1.8076331614926922, -2.072776681953317)
1038 (1.7827637095513325, -1.840573010782043)
1039 (1.8690831215135917, -2.62068593916971)
1040 (1.731039955015699, -1.9725261057069463)
1041 (1.7304239596294118, -1.8985022060675332)
1042 (1.9967441141449056, -3.0083368593251847)
1043 (1.685595196153792, -1.5219796991169472)
1044 (1.7640229200836184, -1.7584583225224069)
1045 (1.7569108974235579, -1.7562242542904378)
1046 (2.0165717771999647, -3.2745859475682453)
1047 (1.7066787995742798, -1.759693780547868)
1048 (1.7092162041966037, -1.671719816239585)
1049 (1.8427650724099516, -2.1175821793202347)
1050 (1.857402960631566, -2.336711306087894)
1051 (1.993744045175199, -2.96792843955112)
1052 (1.7342468303133038, -1.7114402552270147)
1053 (1.707721146512305, -1.908829397774863)
1054 (1.9035760431732074, -2.481548095294598)
1055 (1.6636856444744659, -1.3924877481278095)
1056 (1.7569456926761948, -1.9667266073283933)
1057 (1.6709470831921875, -1.6000843969400962)
1058 (1.8366226275672362, -2.2366565660168325)
1059 (1.8041824296075462, -2.0818173954311296)
1060 (1.6409765597777546, -1.3926445597733494)
1061 (1.8360760313306088, -2.482491224072092)
1062 (1.7238847257020733, -1.855190363320842)
1063 (1.5311238187310696, -1.078300855834059)
1064 (1.515320513723263, -0.9351856124295196)
1065 (1.9503191317044053, -3.076206622126638)
1066 (1.6272525029867702, -1.4606216498169267)
1067 (1.994824474000916, -2.96241083095946)
1068 (1.8643513083016012, -2.4236698121117)
1069 (1.604667762252402, -1.3171143045032803)
1070 (1.6236833863443259, -1.5191464001985915)
1071 (1.7291901694489484, -2.019424300606286)
1072 (1.7260331608373136, -1.6939026246476143)
1073 (1.74030382833588, -1.7769372957213299)
1074 (1.8399254852294609, -2.3691087230947216)
1075 (1.6762007956217742, -1.650815327434416)
1076 (1.6606693538669746, -1.5073490193712298)
1077 (1.5822701506633807, -1.1471792163707875)
1078 (1.6184796480249994, -1.526732282930958)
1079 (1.5397032551795595, -1.0955233062562764)
1080 (1.4571503110555124, -0.9183234171165272)
1081 (1.6388127269774473, -1.5868444275484794)
1082 (1.5540800957023706, -1.3806781470266238)
1083 (1.6772774603232856, -1.9818007077343172)
1084 (1.7222132726468182, -1.7994869450568287)
1085 (1.6814483972654828, -1.9446844860301256)
1086 (1.7171186568193286, -1.808141686316712)
1087 (1.650995126394269, -1.429745497754357)
1088 (1.598938037865256, -1.8516922293340607)
1089 (1.7457936843175128, -2.1987615683741795)
1090 (1.6442541910530164, -1.700694490439131)
1091 (1.7119550728501416, -1.989376710467612)
1092 (1.5382211093723983, -1.135993673933843)
1093 (1.8370118382334535, -2.6493152049492754)
1094 (1.4075519134404006, -1.0988876427775804)
1095 (1.663741038275304, -1.632819703928317)
1096 (1.5864605659632303, -1.5274053633570048)
1097 (1.6005049036134857, -1.4947055512282292)
1098 (1.59800325226303, -1.3854895211542124)
1099 (1.4847670560256592, -1.4900569026150197)
1100 (1.4468895655524585, -0.9550794709825495)
1101 (1.6185647359632829, -1.2974630184315246)
1102 (1.8809819177002782, -2.828598633507033)
1103 (1.575635899500269, -1.3547441656784716)
1104 (1.49721967098016, -1.1681015144431386)
1105 (1.433934847229761, -1.02188890923444)
1106 (1.6719353898440301, -1.7084344676030134)
1107 (1.527012164306984, -1.4613308129652651)
1108 (1.5669053375876019, -1.4622912542212156)
1109 (1.420261081646475, -0.5962926881803879)
1110 (1.4919324398634892, -0.8565974497897252)
1111 (1.8729646961438795, -2.8562381531789254)
1112 (1.6199636218975335, -1.7836826420885916)
1113 (1.5373647336958869, -1.597787506847287)
1114 (1.646674070347404, -2.215343195239345)
1115 (1.6458219316564893, -2.0113531529933155)
1116 (1.5656377683325398, -1.3633932238953295)
1117 (1.6409776370557139, -1.9172613542235906)
1118 (1.434764446872326, -0.945221455796408)
1119 (1.7836686022767145, -2.559196013264993)
1120 (1.5764818836878465, -1.3713560615106493)
1121 (1.7547915266523961, -2.530168656375115)
1122 (1.8410313119561463, -2.5033740930056023)
1123 (1.6097900929126752, -1.7679004841222326)
1124 (1.4580644533886702, -0.8594049314970145)
1125 (1.6271279353346313, -1.8331624346101876)
1126 (1.739265669764082, -2.1229817243129374)
1127 (1.4320467169451159, -0.8129453191477637)
1128 (1.584968230184037, -1.7655546718327864)
1129 (1.6864136754129402, -1.6940910275163585)
1130 (1.5078335591373495, -1.5841465048382006)
1131 (1.5109209934547199, -1.286421296702729)
1132 (1.8833828415415428, -3.300367570534179)
1133 (1.771868317053883, -2.4877254783260754)
1134 (1.4829919842314132, -1.1147416105928867)
1135 (1.633654059445713, -1.8247673759626946)
1136 (1.5622947267907066, -1.0586098761516205)
1137 (1.5137680871330892, -1.327049411830156)
1138 (1.6527922873325767, -1.8832783196512168)
1139 (1.48650941774333, -1.0629568124264555)
1140 (1.5382478648645872, -1.329982352138868)
1141 (1.5139812715554426, -1.1990827354813527)
1142 (1.317995000873491, -0.6245233175690263)
1143 (1.5720979770071968, -1.7121894863031226)
1144 (1.3507187370255844, -0.7064726027167118)
1145 (1.4697527210993733, -1.4167845520566489)
1146 (1.1964524733568291, -0.15342345166076726)
1147 (1.3628205442561105, -0.6740624863404161)
1148 (1.5108567707043614, -0.9931812585810709)
1149 (1.6644591245546325, -1.7470438214345927)
1150 (1.7518464087425087, -2.356375783385501)
1151 (1.5222747050114318, -1.4186480625367817)
1152 (1.5921462242845716, -1.3753409927772693)
1153 (1.5850464602791436, -1.8173026748016505)
1154 (1.4420947800843733, -1.113971125865185)
1155 (1.3783692909088794, -0.9639252726981651)
1156 (1.679401378486367, -2.1457827779676517)
1157 (1.5067599520347374, -1.4708480018493921)
1158 (1.3786126868700361, -0.7210064647011025)
1159 (1.711464220735884, -1.9816534406966924)
1160 (1.6712161416880447, -1.6278088635139967)
1161 (1.6294385885760174, -1.6584486875045954)
1162 (1.7731438493712495, -1.8892498987490305)
1163 (1.5060853274559247, -0.9906084020684665)
1164 (1.7136758653971742, -1.9039266180918653)
1165 (1.6192631481959023, -1.2946886744938335)
1166 (1.6500860240550053, -1.4538922950992146)
1167 (1.664904423860845, -1.5348332348845821)
1168 (1.6897379022723917, -1.8365102855614694)
1169 (1.516699101572694, -1.0775229126649226)
1170 (1.7676677567770704, -2.0543660862963473)
1171 (1.5621630401203772, -1.2797390056380153)
1172 (1.6941566831774812, -1.7671763148190218)
1173 (1.6615967924185784, -1.578650303225968)
1174 (1.7582910053674072, -2.365512269552973)
1175 (1.4991388434736586, -0.8474012809493069)
1176 (1.4284206615445356, -0.6586029489870274)
1177 (1.504368216162004, -1.1442424009328183)
1178 (1.5321982547574164, -1.2417840438427425)
1179 (1.8511531115999345, -2.6100436087293146)
1180 (1.3201293049660825, -0.5305820204720958)
1181 (1.4493328462482413, -1.353654088869908)
1182 (1.3298239325561385, -0.476529434319139)
1183 (1.3902246800397864, -0.6538061826542934)
1184 (1.5145423866774728, -1.573575885693917)
1185 (1.396228092975129, -0.9193057241556747)
1186 (1.6123962752685108, -1.5248394391618383)
1187 (1.6006884127235044, -1.8576435868429981)
1188 (1.555206037050681, -1.5235566997403618)
1189 (1.3023190898432322, -0.5960776416789334)
1190 (1.6521003809543229, -1.9657166256421217)
1191 (1.5881885863809622, -1.476113580621302)
1192 (1.4734149482733345, -1.0960788314599972)
1193 (1.4797077599445345, -0.9385728699953645)
1194 (1.4481749685951038, -0.7997284869519138)
1195 (1.6934582392140896, -2.2793667435963973)
1196 (1.5807998271378934, -1.4836588529482804)
1197 (1.4973046489511939, -1.0047952944656426)
1198 (1.3477493798293971, -0.784165489848172)
1199 (1.4244201040793514, -1.2485754019550077)
1200 (1.8942023111318242, -2.392209442454892)
1201 (1.8552264853344527, -1.8965162877799868)
1202 (2.036419362816269, -2.8031926787166768)
1203 (1.9720511770863163, -2.475210575219495)
1204 (1.7907537990785651, -1.9689815299589943)
1205 (1.7781019354831047, -1.5559740225264267)
1206 (1.7768426529877843, -1.901024666269503)
1207 (1.9290726524032558, -2.291334464256577)
1208 (1.8364644369006182, -1.846827736368822)
1209 (2.063304789369652, -3.12859650617868)
1210 (2.0508394584049863, -3.015272957662537)
1211 (1.8431798370160795, -1.8147034310192147)
1212 (1.9570070643150308, -2.6711960987351526)
1213 (1.8323104722276085, -2.12461974177205)
1214 (2.2391395782740027, -4.183484942481537)
1215 (1.8278212817194213, -2.0306839057684822)
1216 (1.6431725905382415, -1.202631424839524)
1217 (1.9094290278325086, -2.452567062676462)
1218 (1.9712527958931938, -2.6981665432593345)
1219 (1.9286630960676625, -2.1956052057062156)
1220 (1.921719468061802, -2.5124898550619785)
1221 (1.9114608787446352, -2.2827009837708387)
1222 (1.8376409532373696, -1.9978286068958602)
1223 (1.8512495826085222, -2.101040898703359)
1224 (2.104448235714358, -3.587891297110977)
1225 (1.879503928388767, -2.2328006113919088)
1226 (1.9802937268623082, -2.717641982838321)
1227 (1.8034592425399107, -1.9678794116272602)
1228 (1.7227576580176707, -1.5935464763435843)
1229 (1.7439495760667987, -1.5108791023089818)
1230 (1.8789530694518777, -2.500366787099883)
1231 (1.9646895226081862, -2.692929901791517)
1232 (1.7195243456992397, -1.8882202013617415)
1233 (1.8655338889781203, -2.280255323018376)
1234 (1.9186674667283141, -2.5119654858543496)
1235 (1.839278799106829, -2.2374451154647965)
1236 (1.8451402653466058, -2.1275496182412623)
1237 (1.8635521068568757, -2.059353671512688)
1238 (1.7749546588026253, -1.9429263873026006)
1239 (1.722425141299099, -1.669286251250069)
1240 (1.8439075901385398, -2.0076172088404225)
1241 (1.7930909195478169, -1.927100024762045)
1242 (1.7183390988690248, -1.583158205853654)
1243 (1.8606802285023547, -2.40723434879891)
1244 (1.9789203879024095, -2.954452688656825)
1245 (1.8309912579432714, -2.497485862367723)
1246 (1.771820996361447, -1.9558459646965791)
1247 (1.8705420899064245, -2.163264161269482)
1248 (1.685871919024759, -1.4519839919396862)
1249 (1.7382131102775347, -1.7684169826743128)
1250 (1.8202377472986984, -1.9210600268110682)
1251 (1.6941454145988744, -1.4903620550550318)
1252 (1.761580697779298, -1.8953985093106145)
1253 (1.7446268922881, -1.720968501348315)
1254 (1.7564868670172613, -1.8765605386343356)
1255 (1.8430397941451087, -2.156758046373622)
1256 (1.8682552965496966, -2.270036265064502)
1257 (1.618831016274793, -1.235164825563734)
1258 (1.816265823887649, -2.0810404743772897)
1259 (1.6592642525917036, -1.2929018738016602)
1260 (1.9138497961706729, -2.595123668704192)
1261 (1.7325358304921903, -1.8364341284533348)
1262 (1.8758564321380282, -2.367548966124212)
1263 (1.750040176331142, -1.8084939922971142)
1264 (1.7744187463441525, -2.0611250424681478)
1265 (1.5816383985708526, -0.9655686125487277)
1266 (1.912578796864123, -2.417610440703669)
1267 (1.6781897276089635, -1.718391335828962)
1268 (1.6074044723165315, -1.2852575122173897)
1269 (1.7777390716189745, -1.959640368528754)
1270 (1.7675912197404076, -1.8984712138746298)
1271 (1.6471920809358738, -1.2415860868049011)
1272 (1.8276939571012323, -2.3416516527806515)
1273 (1.8088827204556952, -2.1007548719917044)
1274 (1.8027793570720816, -2.1220738234638308)
1275 (1.7773384367724803, -1.858169296390655)
1276 (1.657123870328776, -1.472400655553142)
1277 (1.9409997962410122, -2.6974900742055996)
1278 (1.8175194828859011, -1.9668966824575622)
1279 (1.6297766140511702, -1.1902661427152332)
1280 (1.5787458277491195, -1.0755528389330953)
1281 (1.6637470665949372, -1.43100952888373)
1282 (1.5149740072379085, -1.159377640827296)
1283 (1.9218345148328566, -2.7848682980607196)
1284 (1.682287115665284, -1.957949492886808)
1285 (1.8168586799111692, -2.837353062182375)
1286 (1.8167294230084892, -2.4010704320252416)
1287 (1.5911322032365216, -1.1273254004805244)
1288 (1.5717577158453417, -1.293642647469673)
1289 (1.5919520269681142, -1.6324821759611565)
1290 (1.8166777946246508, -2.234711080468877)
1291 (1.90304587452458, -2.8086047911702687)
1292 (1.6501878424079073, -1.6576828811619448)
1293 (1.668078992361634, -1.7209563360807956)
1294 (1.3799430367593353, -0.6772912910582793)
1295 (1.5446820577498124, -1.5130517035707884)
1296 (1.7842174558815458, -2.120785055008036)
1297 (1.7182824893995878, -1.9844456529125876)
1298 (1.6615284334436655, -1.4849771674853132)
1299 (1.6297980204976392, -1.4435371482419364)
1300 (1.7966731083529803, -2.4415379192348436)
1301 (1.495688899951398, -1.093298720132146)
1302 (1.861043402006796, -2.6651263090708137)
1303 (1.5174757297926595, -0.8139102073753303)
1304 (1.7645973697064767, -2.5730589679501223)
1305 (1.7913624592578825, -2.2426906351442475)
1306 (1.4953318443556263, -1.2115788256140256)
1307 (1.5816542866397592, -1.1355752288749397)
1308 (1.6747469340546985, -1.5744144195536915)
1309 (2.001381105079618, -3.7251178513425454)
1310 (1.6827850032121374, -1.8170145779423268)
1311 (1.905171951305607, -2.7443969363174006)
1312 (1.8399984526095652, -2.136953731023105)
1313 (1.8572352948243427, -2.25505517334562)
1314 (1.8395353270760937, -2.4196448283514234)
1315 (1.8405777857459817, -2.6777577394660104)
1316 (1.7242289418775139, -2.077640671142248)
1317 (1.6298185212000256, -1.5169725646858756)
1318 (1.5167113534360608, -1.0164406376262047)
1319 (1.7179374591706447, -1.9031737844200314)
1320 (1.537162734299399, -1.3428972271281623)
1321 (1.807815259145204, -2.2537165894679716)
1322 (1.712226272256583, -1.8849629867151911)
1323 (1.736133393844783, -2.1695249212664347)
1324 (1.6775040704086719, -1.7711290945030587)
1325 (1.6319366727530673, -1.524506141911293)
1326 (1.4900840759276675, -0.8820387206338914)
1327 (1.7803581514122153, -2.2325213615519215)
1328 (1.8576087873594465, -2.745642682415742)
1329 (1.4408273529983773, -0.8824610924442636)
1330 (1.5681761197847623, -1.604785024157662)
1331 (1.6576336789145856, -1.658724661043235)
1332 (1.7313345307524497, -2.0187002402807366)
1333 (1.2743847884828534, -0.5631307662308538)
1334 (1.6598483308268355, -1.6218099708714766)
1335 (1.4773600261723798, -0.8958160979702657)
1336 (1.5615390637606332, -1.2638653732472047)
1337 (1.632692436030308, -1.7457347742797622)
1338 (1.3654136849685052, -0.6252790991751076)
1339 (1.683678157713954, -1.8212532589972161)
1340 (1.6310169934435044, -1.7503068956868093)
1341 (1.664134131879563, -1.90042777516325)
1342 (1.6731157430712078, -1.9682376013456242)
1343 (1.779660180271486, -2.279022698786824)
1344 (1.4892566358732096, -1.7211475434148984)
1345 (1.7464402176747453, -2.114043493668628)
1346 (1.6810126608822433, -1.751576729873114)
1347 (1.6156317665310984, -1.7645583227658028)
1348 (1.6723719225586129, -1.7827712743785322)
1349 (1.40437926890462, -0.8204070167909937)
1350 (1.4564962746572725, -0.7185455893772233)
1351 (1.829759473495681, -2.633194675874114)
1352 (1.7391126473578755, -2.1807351250894893)
1353 (1.58796715385356, -1.5218560745811287)
1354 (1.6025536561657299, -1.8134188671742184)
1355 (1.6192716507632494, -1.5842813550700396)
1356 (1.7554051083195663, -2.5787212730065434)
1357 (1.6581281077898518, -1.8012211548609216)
1358 (1.5138695452272006, -1.4672592217860558)
1359 (1.5725695992775706, -1.748278883358745)
1360 (1.787566394300569, -2.0301281452161115)
1361 (1.774640244091525, -1.9741190456460547)
1362 (1.6212019215518283, -1.424305482579695)
1363 (1.825510090569427, -2.403534936201116)
1364 (1.6883732988072409, -1.6303705080271704)
1365 (1.8575780646861368, -2.1741274954932224)
1366 (1.8912884881601142, -2.984255398582716)
1367 (1.6904101847385802, -1.8432457218101717)
1368 (1.8360772441806332, -2.6418564284517516)
1369 (1.5853802652178803, -1.2877406821459452)
1370 (1.7242892516919244, -2.0266686089793224)
1371 (1.8362157576187765, -2.323758084198978)
1372 (1.7509469388455134, -2.139692762287502)
1373 (1.6133512840204403, -1.4636151601899796)
1374 (1.8211171790306686, -2.280338365114737)
1375 (1.75156496169963, -2.046817538470256)
1376 (1.7007971985749675, -1.7498240898484774)
1377 (1.5760004049263077, -0.9771243107670635)
1378 (1.5849033341862138, -1.4004242777105664)
1379 (1.6805839723850586, -1.7010726178503244)
1380 (1.7118837229954986, -2.304797332536653)
1381 (1.6093370928408797, -1.6024936486501196)
1382 (1.6198581287921299, -1.8217377016398675)
1383 (1.5273159212293344, -1.1527881580381016)
1384 (1.4290134359983564, -0.7028894612189508)
1385 (1.3962338772752143, -0.5709969293418264)
1386 (1.6701710131537044, -1.5853229041562749)
1387 (1.3956965255607903, -0.8579360896472028)
1388 (1.5117653049448885, -0.9394737917227962)
1389 (1.9467111152079348, -2.892664911358185)
1390 (1.482289560077639, -1.3725025372936361)
1391 (1.4308747167967306, -0.76970726784065)
1392 (1.5068478771737752, -1.0391246364156774)
1393 (1.6080734828411938, -1.468329274137574)
1394 (1.5217750535016543, -1.5310251089918339)
1395 (1.4893410665082214, -1.3259183011345026)
1396 (1.7290124542029246, -2.3284697508648)
1397 (1.6612495017991058, -1.7567346698134318)
1398 (1.7393493805422906, -2.67632817752168)
1399 (1.4111274193279346, -0.8241328600388732)
1400 (1.9149516990591664, -2.4233353252924648)
1401 (1.826519284628408, -1.946463204544013)
1402 (1.8694029852796232, -2.209800013086264)
1403 (1.8192890144907232, -1.9025521643014025)
1404 (1.8928125209559834, -2.313584233456762)
1405 (1.8196238881214915, -1.8209246706329505)
1406 (2.022712917760307, -2.8148261215212047)
1407 (1.840596868107579, -1.7505378893630716)
1408 (1.9905909793882648, -2.7423397311464464)
1409 (1.8942057396280763, -2.1625462292143554)
1410 (1.8164435757553796, -1.8762608079822496)
1411 (1.787361886940489, -1.7342669049287458)
1412 (1.831620347343773, -2.0141253438866173)
1413 (1.7655752884449265, -1.7329428252813064)
1414 (1.762983094621009, -1.7270265487133358)
1415 (1.7122644000044767, -1.2555790914445648)
1416 (1.7387420836263754, -1.630237253171762)
1417 (1.8720733010091386, -2.181946130500028)
1418 (1.950231214432365, -2.622658884803761)
1419 (1.8187337311891014, -1.8276992274417343)
1420 (1.8372885409203388, -2.1682419716513683)
1421 (1.72791764343975, -1.6870608922054473)
1422 (1.8954833399193254, -2.2255613549008735)
1423 (1.8526897200952315, -2.0834357547361195)
1424 (1.8241607421869526, -2.145505697416151)
1425 (1.8779897531175045, -2.1495780943864795)
1426 (1.7580899890144166, -1.685835831498903)
1427 (1.7437567259419997, -1.690915726578517)
1428 (1.8352089497300514, -2.16977515515775)
1429 (1.6714289782301266, -1.41779243150398)
1430 (1.794933420493008, -1.8106265362676115)
1431 (1.7794504515040261, -1.7189295107274727)
1432 (1.942848984512561, -2.9327584640275757)
1433 (1.6835562747544086, -1.425891035208944)
1434 (1.8258502916223267, -2.0439473274470052)
1435 (1.832867309444384, -2.194943700900174)
1436 (1.9425948630159255, -2.669195336958532)
1437 (1.8231664550716087, -1.8949619185422582)
1438 (1.9539307758540196, -2.5722857271164847)
1439 (1.7364332666146987, -1.6289063664748122)
1440 (1.8284834009379545, -2.1609259236317175)
1441 (1.6485121383921497, -1.3620011147691926)
1442 (1.8674060174794163, -2.36783443499589)
1443 (1.711772023041567, -1.6082279698482687)
1444 (1.846076425255055, -2.3673391341187227)
1445 (1.7661210981587236, -1.8332862819813596)
1446 (2.009914808692154, -3.409708768913091)
1447 (1.5929184024588066, -0.8846711771624978)
1448 (1.888064335055363, -2.786217940991454)
1449 (1.8963158554997002, -2.4999377466454944)
1450 (1.8125546405943742, -2.0892052600170192)
1451 (1.7502177407644073, -1.9571958824077733)
1452 (1.9425681387596538, -2.6439924710751845)
1453 (1.9301248678470464, -2.38005217970204)
1454 (1.9813042979828166, -2.893198180107412)
1455 (1.79750268006776, -1.8754909148346468)
1456 (1.867111957811471, -2.799954041990181)
1457 (1.7803402551444671, -1.7910696549290492)
1458 (1.818335549484335, -2.0830537248869416)
1459 (1.670646236193119, -1.4637068714162416)
1460 (1.983987087631832, -3.0703661146099273)
1461 (1.9122370391388053, -2.5297042543119996)
1462 (1.7583351469376907, -1.9964167508231703)
1463 (1.6570721408232534, -1.354599840960337)
1464 (1.8456853958313146, -2.256700912522945)
1465 (1.6468258951883337, -1.1876756367794734)
1466 (1.824911646778819, -2.0060493815984715)
1467 (1.652141597550426, -1.4983101529782084)
1468 (1.8126314231904728, -2.193587900873133)
1469 (1.8665477835017317, -2.4975499814444118)
1470 (1.9044157179160137, -2.6332466438573046)
1471 (1.9113816935387475, -2.5756453461498605)
1472 (1.6357469020083488, -1.7711398566069794)
1473 (1.6866375395496567, -1.736664293633818)
1474 (1.885679586844916, -2.6483909247515527)
1475 (1.8843084006376059, -2.4169991942874973)
1476 (1.679619316884504, -1.505054024146845)
1477 (1.7461552925277315, -1.885632986639054)
1478 (1.5757282779748374, -1.182457468918307)
1479 (2.024267603921331, -3.131949554750952)
1480 (1.5702185893063185, -1.3496539764018214)
1481 (1.6605758333782246, -1.5253138110022864)
1482 (1.732109346830208, -1.769406639011716)
1483 (1.7347288010390896, -2.121367683571476)
1484 (1.558467845137812, -1.283651296389836)
1485 (1.6511361315611948, -1.436401028003202)
1486 (1.668609259422947, -1.7012288828067563)
1487 (1.5321786213445454, -1.0643529695380176)
1488 (1.6798466267993981, -1.8648788539416774)
1489 (1.7762103311604518, -2.074641987943134)
1490 (1.4452379918906109, -0.6891304602141177)
1491 (1.6686681548484916, -1.654765124330416)
1492 (1.6695368442477536, -1.5221741155500264)
1493 (1.6285251797153866, -1.805117348689928)
1494 (1.6090303641012462, -1.2118579125732387)
1495 (2.057522128004567, -3.3439073113301463)
1496 (1.726193508930031, -1.925895802309601)
1497 (1.885587289000816, -2.684221279068996)
1498 (1.811891472184746, -2.3504438479074605)
1499 (1.7266303982908704, -1.9887127508809794)
1500 (1.3222469158513022, -0.3925034109358498)
1501 (1.5920893530275106, -1.4584432335789523)
1502 (1.5178230783979785, -1.0685333838524322)
1503 (1.8841639501696374, -2.8712627424615813)
1504 (1.9746939549914344, -3.2309302973174283)
1505 (1.7658075726911848, -2.1091992826942634)
1506 (1.3386496677499304, -0.5485665157881819)
1507 (1.5314838904775532, -1.3064995328692415)
1508 (1.6582197814081887, -1.7793143502948705)
1509 (1.8336446860521682, -2.679076992500431)
1510 (1.6876568113173318, -1.8612036063946473)
1511 (1.5475883957451346, -1.1341013148554928)
1512 (1.6844060775297787, -1.7230097102183792)
1513 (1.8244616939519456, -2.487385523823328)
1514 (1.5977244397150179, -1.4148746490367494)
1515 (1.8082582211374385, -2.3569957700676363)
1516 (1.7248470147097719, -2.0366014970373443)
1517 (1.7305275806161105, -1.847561405384865)
1518 (1.5530514214418856, -1.2580007912519726)
1519 (1.835357430223322, -2.454390879831048)
1520 (1.3135548257789362, -0.2651892133045298)
1521 (1.4653328478982244, -0.9646988086370639)
1522 (1.9577141700035645, -3.254203483529785)
1523 (1.920135795756312, -2.7748215099864897)
1524 (1.845799862094191, -2.5789887632966213)
1525 (1.6767424485333002, -1.792662112876419)
1526 (1.4712180430803299, -1.124242374597166)
1527 (1.3997037076313374, -0.7128564594912685)
1528 (1.6935968979702296, -1.996536378115548)
1529 (1.6378538311493747, -1.8768714501277393)
1530 (1.660902767694437, -1.6713120849514158)
1531 (1.6607161296469917, -1.5778577954025879)
1532 (1.6657159729944824, -2.012006070528619)
1533 (1.8225412191429746, -2.5014632102716767)
1534 (1.642971950131969, -1.750424826491741)
1535 (1.2973882103974341, -0.3148990137170053)
1536 (1.5360920855074671, -1.5861260277167966)
1537 (1.6334794245025868, -1.768738719188292)
1538 (1.7639977414141257, -2.2552853607304555)
1539 (1.8833037620234936, -2.713710765530642)
1540 (1.5833650978620173, -1.419865979000936)
1541 (1.7376440691037247, -1.9467149333568563)
1542 (1.656209269808475, -2.0423865919635014)
1543 (1.5184719519912842, -1.3529408440059871)
1544 (1.419085722202653, -0.8113514634552319)
1545 (1.8577183333993144, -2.670583279524173)
1546 (1.6219898787136504, -1.5426419437074128)
1547 (1.567796007934158, -1.3554925769540553)
1548 (1.6117980405812529, -1.6892164190334993)
1549 (1.5687788041390984, -1.4025192747119113)
1550 (1.6830088285927698, -1.896141698511481)
1551 (1.3633428551928568, -0.506632690772286)
1552 (1.668958216229293, -1.6727196216749074)
1553 (1.5718726169121475, -1.3861364954092905)
1554 (1.3806788552726492, -0.6067405005875647)
1555 (1.5231816297558514, -0.900275086266154)
1556 (1.3272365975298965, -0.5529979006915102)
1557 (1.4344118576935798, -0.9067303019173504)
1558 (1.5740488521739984, -1.5791573592601094)
1559 (1.569049688786778, -1.3999416248080327)
1560 (1.6213291767174993, -1.4737291577968765)
1561 (1.7460375857509356, -1.9525729096139497)
1562 (1.6145229289394682, -1.4911636552914858)
1563 (1.5917130615429653, -1.1711131986155798)
1564 (2.01037774745048, -3.109047494070265)
1565 (1.7353057488366341, -1.8455230197959818)
1566 (1.9502474622467447, -2.7310191915387567)
1567 (1.6576825525079606, -1.593487586727439)
1568 (2.090642596776389, -3.9627751152845)
1569 (1.8378529484592687, -2.1940927904912684)
1570 (1.7962694471789598, -2.208139170454711)
1571 (1.735454100161272, -1.6956813224243894)
1572 (1.6041280828586502, -1.3274584175167363)
1573 (1.6278833435526638, -1.4054324940887095)
1574 (1.638101924176339, -1.23791597848305)
1575 (1.7759437176415112, -2.127936810576204)
1576 (1.678131505228945, -1.6801151080647225)
1577 (1.9085700912748738, -2.6486957869480556)
1578 (1.8229943094486059, -2.4180747419937143)
1579 (1.7094585600179963, -1.789039394352624)
1580 (1.4745096040437067, -1.608463196810706)
1581 (1.7669714648874915, -2.1226227445762254)
1582 (1.4583163858858998, -1.1218640705787188)
1583 (1.6660882668474872, -1.445534383472971)
1584 (1.5656939867226007, -1.8848957472260106)
1585 (1.4023310332487628, -0.824084895474409)
1586 (1.5867995647801507, -1.3453649572494921)
1587 (1.3210560620891336, -0.4056655437808801)
1588 (1.4214773848773417, -0.9146359006644174)
1589 (1.6149116299744721, -1.8260444735619745)
1590 (1.6363592756767975, -1.8551556695693892)
1591 (1.6922643059217215, -2.063952436719405)
1592 (1.5543575618632313, -1.39613132619219)
1593 (1.5256388945937283, -1.0625232983737025)
1594 (1.6193636864608216, -2.0486154524589577)
1595 (1.5887286253296418, -1.6402348171337975)
1596 (1.5051736635064585, -1.2380982683636947)
1597 (1.4966242707612, -1.0622062248651052)
1598 (1.4917329088820266, -1.0486916974086182)
1599 (1.6569441087040113, -2.059927138079499)