0 (1.8510172307026826, -2.519346977389327)
1 (1.763390836663746, -2.431866150101178)
2 (1.7050018294776796, -1.9250204318417297)
3 (1.8723776429656083, -2.644680537685984)
4 (1.9322458052925322, -3.0664450636157783)
5 (1.7451317640151847, -2.2265679419030495)
6 (1.779256234221068, -2.308534205822511)
7 (1.7905677475315684, -2.310953131869726)
8 (1.9075763137629114, -2.671117838947954)
9 (1.785695382445773, -2.672983891022588)
10 (1.8474594944916043, -2.803884302904852)
11 (1.7783660112848894, -2.3753397328605432)
12 (1.5910396488846892, -1.434947026803455)
13 (1.739134959655066, -2.2341966063379637)
14 (1.7116070185932712, -2.0238619535392677)
15 (1.7949603446227518, -2.4908095732549245)
16 (1.8005642964996456, -2.318948764506758)
17 (1.7555741264608207, -2.3190565474580596)
18 (1.670754863575143, -1.9951308826001288)
19 (1.4803498192047717, -1.123299346185438)
20 (1.8110614518463413, -2.5576161987957167)
21 (1.6801230037353447, -2.0142918059280874)
22 (1.6537108048942084, -2.0172776733217543)
23 (1.7064377236773411, -2.1731237411578905)
24 (1.6711394220718987, -1.8621289518266275)
25 (1.4740617049558389, -1.382174775940672)
26 (1.6020570181575051, -1.619281374816248)
27 (1.761623252060392, -2.464637232938565)
28 (1.7285032334432382, -2.1434729969548187)
29 (1.9100750526800416, -3.3384491826427154)
30 (1.7118083046812245, -2.0221079319712567)
31 (1.6687119071010788, -1.9753358459580823)
32 (1.4304414482991927, -1.0428658156728716)
33 (1.6343621158515838, -1.9341485913887988)
34 (1.5049858558496185, -1.6043393007838793)
35 (1.5221272512499662, -1.3005456396760664)
36 (1.7276340675349489, -2.1833332741521567)
37 (1.6025021162338264, -1.7775488394623291)
38 (1.5225101830643206, -1.2527519029953547)
39 (1.3948890833856817, -1.4772066240844721)
40 (1.5002784663105913, -1.5119352445392327)
41 (1.6774103686830326, -2.2018160007998566)
42 (1.2890847198605992, -0.5679842924223903)
43 (1.7297652160500048, -2.418834370453217)
44 (1.523048772647503, -1.8423425650774787)
45 (1.6941560866591563, -2.171926428176074)
46 (1.5488349939676753, -1.9592892215405655)
47 (1.5711145496740926, -1.6824886307429352)
48 (1.613958170198646, -1.7487306304074166)
49 (1.4896091033803571, -1.6689694450320864)
50 (1.2104772428673471, -0.9310778101015392)
51 (1.4818971718048786, -1.5353658119071112)
52 (1.5937208771696556, -1.8565705077706802)
53 (1.6037911390226869, -2.017926753379889)
54 (1.381733945932571, -1.0112176802134143)
55 (1.5274591285523202, -1.6104019729726833)
56 (1.5370717943589933, -1.817836217077571)
57 (1.435551049120838, -1.1577776724431916)
58 (1.632075095775645, -1.8672555222090323)
59 (1.4266583607536862, -1.3779150284777169)
60 (1.7164750913504523, -2.1983666788190814)
61 (1.5361022553998176, -1.562190042195806)
62 (1.4372214484221715, -1.2546311755936574)
63 (1.4439865314475209, -1.285257139969241)
64 (1.4285470571367778, -1.286398299097399)
65 (1.568996112379031, -1.8651698983050278)
66 (1.6194327763878418, -2.1894916663991904)
67 (1.4573254770410424, -1.7430234509748497)
68 (1.3050718462593598, -1.048931685955106)
69 (1.524014017892133, -1.5740606277642033)
70 (1.6166946301903318, -1.749827989814842)
71 (1.5503950192093603, -1.7434352595538254)
72 (1.4651147971939507, -1.7917140733648103)
73 (1.5316929332744702, -1.6824338249470479)
74 (1.405221158949809, -1.2085635551335734)
75 (1.2819579610145473, -0.9007802989192029)
76 (1.321825115804182, -1.1577755702477708)
77 (1.6206778888846662, -1.8620920265284049)
78 (1.6207704753420182, -2.1726370012093876)
79 (1.6065984487614342, -1.8744909229799003)
80 (1.6219823551801702, -2.1273171127771744)
81 (1.6349628728285042, -1.8707066249299413)
82 (1.6139163473744622, -2.036240788347407)
83 (1.6755568568582286, -2.0371939431364607)
84 (1.627409504327342, -1.7715062669756698)
85 (1.4551198270196533, -1.1640239319220385)
86 (1.6852634524509715, -2.1527106315869386)
87 (1.482086799632911, -1.0214774579989339)
88 (1.6455263026383318, -1.9825451744738667)
89 (1.4967302161619467, -1.7653752492551247)
90 (1.49190776382079, -1.4843635183004942)
91 (1.3632563018606603, -0.8628533177148561)
92 (1.367996705843847, -1.4818131076067824)
93 (1.3269510381804328, -1.1090227794059728)
94 (1.5251318403711762, -1.3493308901699352)
95 (1.421250548693445, -1.2858398450567292)
96 (1.3986283223993994, -1.046337382702296)
97 (1.5427403873376366, -1.681942707849974)
98 (1.660128976293175, -2.2060597845087413)
99 (1.4181827426430047, -1.0735168778946869)
100 (1.8467297536260758, -2.5956547278158455)
101 (1.9475679764234524, -3.0960194259833047)
102 (1.7889945300103394, -2.2532145369016505)
103 (1.6456332994907825, -1.6629565290712613)
104 (1.7129103249523208, -2.07048443063197)
105 (1.7182952318320432, -1.928937725249432)
106 (1.815320874543173, -2.3682789370959085)
107 (1.7889149628179728, -2.4097574086577462)
108 (1.7138972535918688, -2.0927907063838043)
109 (1.8918590342827761, -2.999397223858808)
110 (1.826616699313381, -2.6175256084238536)
111 (1.7542051369200042, -2.190000873865848)
112 (1.6689551809674752, -1.782723340768948)
113 (1.7257601624970478, -2.3100531934896824)
114 (1.7267156442471794, -1.9833594280398545)
115 (1.7326863387290272, -2.260699637752594)
116 (1.5969971549867552, -1.906569515249217)
117 (1.5052663336372376, -1.2658051786425966)
118 (1.6316279419183584, -1.7164010489612882)
119 (1.5264691802888515, -1.3792248799884193)
120 (1.6731195847979543, -2.033604201139066)
121 (1.5900105992137212, -1.5137166913036209)
122 (1.7663697881222513, -2.869235271155152)
123 (1.642624741978282, -2.0454712641089072)
124 (1.6282022172734631, -1.6894110045594275)
125 (1.6418817318710377, -2.2489640615533566)
126 (1.7092425954395467, -2.1899344882984915)
127 (1.6138219978550465, -2.048430673559764)
128 (1.5680146106645065, -1.9933207452230794)
129 (1.7192288181588864, -2.1923881044277107)
130 (1.6611017559985932, -2.0495432291209705)
131 (1.5672580250396908, -1.4928903879279642)
132 (1.6587100586999486, -1.8926882617336145)
133 (1.4385516442911483, -1.246967236180935)
134 (1.5774625083152478, -1.7761330224540715)
135 (1.6385788041823321, -2.0757810662937968)
136 (1.7243126823976787, -2.220987645436179)
137 (1.5183930751907408, -1.2621186410201302)
138 (1.5352483813354352, -1.4158256723190168)
139 (1.642897857440862, -1.9689903321988484)
140 (1.7111219805976043, -2.304640839594517)
141 (1.60249748307632, -1.8492658634427508)
142 (1.6746243327164498, -1.9794868949670006)
143 (1.4784171860889839, -1.4600032348796725)
144 (1.4074365123951336, -1.063393296044931)
145 (1.679785854650318, -2.3454226051060743)
146 (1.5780513901644129, -1.545304845495603)
147 (1.6193175722160909, -1.832725100658777)
148 (1.491469807285118, -1.4250585731961647)
149 (1.5302317727343253, -1.4766811442288308)
150 (1.352171131191976, -1.0422533965658138)
151 (1.6154730530255956, -1.7820903801331167)
152 (1.3893714604349248, -1.0293427723217476)
153 (1.5178312088529888, -1.4437853109478551)
154 (1.6202447457854443, -1.9293855307843897)
155 (1.4500246878788021, -1.1837714401910964)
156 (1.5546622417560119, -1.787693211022898)
157 (1.5769921366889792, -1.7545314279866666)
158 (1.4903872941791108, -1.359451440637538)
159 (1.5325218001357996, -1.6549019551182182)
160 (1.5762758760949578, -1.9807981950125757)
161 (1.4552410346061426, -1.2544334681684306)
162 (1.4289464526932938, -1.2232188829058521)
163 (1.620290041690705, -1.6557460757593427)
164 (1.5029012389680927, -1.5686005290669787)
165 (1.4420442646580462, -1.3345104909887247)
166 (1.4391420293763042, -1.3596687104870475)
167 (1.4992167507780132, -1.2468087068512481)
168 (1.5516110494454192, -1.4975052320029067)
169 (1.4954887016644172, -1.1986940853349328)
170 (1.6734095210076676, -2.3610591275524095)
171 (1.521838397031303, -1.6007960310784524)
172 (1.3630718246536613, -1.2870063644343215)
173 (1.5180565828021801, -1.5211592369852274)
174 (1.3255310650466805, -0.9492233877714512)
175 (1.587742276452706, -2.1850502517635646)
176 (1.5998124205182345, -1.998150179918223)
177 (1.2824742140839145, -0.7646015898015889)
178 (1.4489462088618337, -1.538458254861202)
179 (1.4430230725647948, -1.2453299411197898)
180 (1.6137481121381434, -1.7606705787904378)
181 (1.6534492551612459, -2.0817743834450018)
182 (1.5409151007034831, -1.632778103562582)
183 (1.465631965509829, -1.130367704177205)
184 (1.3909689710433442, -1.1158006303037573)
185 (1.436103461077793, -1.2883690777898782)
186 (1.6456701290276592, -2.0443206265341582)
187 (1.585706129039906, -1.6679240779789672)
188 (1.432935074867644, -1.2189563660972196)
189 (1.4169419501197564, -1.1322418115600457)
190 (1.4637767599979312, -1.679156053512664)
191 (1.4183085237979765, -1.2202053625070184)
192 (1.6631160248740198, -2.080787995976922)
193 (1.4712463530291058, -1.3640408466665026)
194 (1.4450002349222368, -1.567517456186361)
195 (1.2896138928960568, -1.1222457218470696)
196 (1.414416783995, -1.1743460129673924)
197 (1.4004744036389625, -1.049278438552625)
198 (1.7702119074846254, -3.2217586496559285)
199 (1.5417548181899463, -2.298040767937959)
200 (1.6617807344357503, -2.1728310654844307)
201 (1.459206058037071, -1.7345196409620525)
202 (1.429039502426451, -1.3857379957082676)
203 (1.6249518422456946, -2.1664977628252693)
204 (1.5722167358524124, -1.8488552901679878)
205 (1.592724539852032, -2.0003675731674164)
206 (1.546367871558932, -1.750333457166277)
207 (1.568179836434578, -1.7807349478972319)
208 (1.3953428518905215, -1.141025322443043)
209 (1.4073622641511243, -1.6028309214659233)
210 (1.3784071242881522, -1.6228670890856807)
211 (1.5023287391043483, -2.2876616905943017)
212 (1.4454157406975916, -1.640772594103062)
213 (1.2205520861000907, -0.4398473304911439)
214 (1.3805323337462265, -1.1562544374004677)
215 (1.2795153400093713, -1.1873101691910222)
216 (1.3482317972999796, -1.2305507843897072)
217 (1.392235525617849, -1.5252653731769161)
218 (1.5097124333113647, -1.880001907941974)
219 (1.1228621322298533, -0.5504970526462312)
220 (1.5486503476461841, -2.1248482861512916)
221 (1.2934989224835733, -1.298247246712701)
222 (1.315368964256448, -1.1259334137662926)
223 (1.3695039217628011, -1.1430002723832757)
224 (1.3248667569121344, -1.441694138704632)
225 (1.2499745589410467, -0.7431969747537553)
226 (1.3469587200116875, -0.98793875591777)
227 (1.4089671235000842, -1.7738003966927043)
228 (1.3253775369505882, -1.241467646959809)
229 (1.1111626751665584, -0.4821610874555604)
230 (1.5511631500934895, -1.988170510836383)
231 (1.2877743938233335, -0.831546865181777)
232 (1.3083415707705455, -1.0940260298012139)
233 (1.2351702687872963, -1.174963982886613)
234 (1.2940576732929492, -0.9596644306685289)
235 (1.1066135445041347, -0.38064367832502205)
236 (1.1625771070566424, -0.8730507728022937)
237 (1.0419950274676892, -0.1606559378006036)
238 (1.3388234423736176, -1.3427373660520587)
239 (1.2382412925946502, -1.0321099595234902)
240 (1.0255110855201686, -0.5109236575403965)
241 (1.3110586551481238, -1.1333240994103198)
242 (1.4799545119967628, -1.8232606959833673)
243 (1.1570317010173712, -0.8801233381994246)
244 (0.9983851416063853, -0.3708786680141443)
245 (1.1810018239919968, -0.7393331424756234)
246 (1.0310366461749423, -0.2933349211834763)
247 (1.1260013109130815, -0.9933006235032974)
248 (1.27006298122142, -1.2018578675236402)
249 (1.306930438035171, -1.1358065524157064)
250 (1.1888713421514154, -0.9238562096490223)
251 (0.9608081857146994, -0.37565703291045105)
252 (1.188616999707795, -0.8981652172071746)
253 (1.2156314923091205, -0.714931647237556)
254 (1.4154204615478077, -1.4657682467806046)
255 (1.3980843550715785, -1.8139141441859268)
256 (0.9198413025700475, -0.2417789938111396)
257 (1.092640382276637, -0.559449682582318)
258 (1.1297816534385243, -0.6103480278775427)
259 (1.151262811265249, -0.6384878980233725)
260 (1.032083084910162, -0.8061437800514856)
261 (1.191167941512246, -1.2619053226254113)
262 (0.9454054095630869, -0.2003489960537174)
263 (1.1712480299396808, -1.0674389331544518)
264 (1.043630898844092, -0.7273857970075083)
265 (1.030588029373788, -0.4847781108684974)
266 (1.132557907519059, -0.6573709605061541)
267 (1.0116867862807302, -1.119137565760715)
268 (1.3460262318914513, -1.9331439577931437)
269 (1.2480762496672662, -1.08623855217152)
270 (1.2613419393972782, -1.1779123739317336)
271 (1.1270919741187733, -0.8532639312132551)
272 (0.7857726139819391, -0.127834780865029)
273 (1.0396352255885315, -0.5354596757248961)
274 (1.0581271806550951, -0.6848462229110533)
275 (1.2367239175388893, -1.4771616046665355)
276 (1.1107080049271028, -0.586056729702245)
277 (0.9748600584002528, -0.8322980766839955)
278 (1.0819749664673477, -0.7095709612739847)
279 (0.9137839730371106, -0.5871906435216938)
280 (1.4938704330270824, -1.5540095317017817)
281 (1.300886542907296, -1.2333441732137562)
282 (1.3233154592913934, -1.2629622776093057)
283 (1.1683509013469284, -0.7644778285700616)
284 (1.1877732712415177, -0.5706166823234676)
285 (1.2172022356347096, -1.4046209552681177)
286 (1.22343421732798, -0.8924320124106185)
287 (1.3046885872371805, -1.0256284639992717)
288 (1.2410527623585976, -0.9533286486427975)
289 (1.3957206938787698, -1.5073047530029724)
290 (1.1340758261072976, -1.6081657211651692)
291 (1.1981274349552569, -0.8185700017482725)
292 (1.134806923938306, -1.105651550514246)
293 (1.0768298987294525, -0.5109660132646395)
294 (0.8628562118362949, -0.3144495706909196)
295 (1.0446498094616847, -0.674691887321435)
296 (1.121353464339703, -0.7493220500652509)
297 (0.8492952232808306, -0.4456474249290381)
298 (0.9824621628831481, -0.6032143178215279)
299 (0.9880238512595834, -0.5511089907955035)
300 (1.5317861528413999, -1.7798671598199858)
301 (1.5003390948730035, -1.3873204782243436)
302 (1.5916412007380922, -1.896712588937267)
303 (1.7228727544867195, -2.546564226007152)
304 (1.2499369356431702, -0.8924232336144343)
305 (1.6676839643641561, -2.2094448005942864)
306 (1.503423018302413, -1.4390351254439198)
307 (1.4411201064588557, -1.4441193146028788)
308 (1.5900952065161646, -1.747525476936621)
309 (1.4234002726002128, -1.2220913135541964)
310 (1.4073942414336724, -1.031987504208608)
311 (1.4782125527414642, -1.6283771920954457)
312 (1.4198993117546943, -1.4390713871981453)
313 (1.472375381688301, -1.389052422905255)
314 (1.4190756533737763, -1.2434598540686521)
315 (1.611656617330386, -2.5903439967755495)
316 (1.4071666323243759, -1.6242081991572208)
317 (1.0177926407238929, 0.09741005646076786)
318 (1.429621012429682, -1.4259097289257958)
319 (1.3688671238913503, -1.463692189040075)
320 (1.199801567508746, -0.7258817083728288)
321 (1.2908630389327587, -0.9624927950527902)
322 (1.2468053181162186, -0.6388709047687842)
323 (1.209799245896046, -1.165754062491097)
324 (1.2952398094532949, -1.251316425983678)
325 (1.2886809076017733, -1.3393650291988217)
326 (1.174499607774353, -0.89856983687119)
327 (1.1523690007697227, -0.6746015945521948)
328 (1.2483394426777115, -1.1999149540265195)
329 (1.077407713510349, -0.48452862912371814)
330 (1.0908840029309004, -0.5404429591190765)
331 (1.220930220642185, -0.9333712972563566)
332 (1.3690826926536064, -1.915862388876637)
333 (1.264694507499492, -1.1071781634675681)
334 (1.3608639938314593, -1.5619979436276845)
335 (0.9611708588549065, -0.2183144768839014)
336 (1.3884542835300726, -1.2933436057218568)
337 (1.341333279999208, -1.2612436906310016)
338 (1.2147164012859695, -0.7223920425399604)
339 (1.1346404437770368, -0.6742861255417603)
340 (1.2000672373955763, -0.8188533643553119)
341 (1.2932235435264134, -1.4857149558921512)
342 (1.1742611605989843, -1.0639915105112316)
343 (1.0374061929432632, -0.16386732524766606)
344 (1.2452406519185137, -1.099114198698236)
345 (0.8445118769353533, 0.2097126084845784)
346 (1.2801620874819741, -1.082460641859808)
347 (1.2853335865541433, -1.0962046378683068)
348 (1.2099014287322407, -0.4948809754553837)
349 (1.1187325123366936, -0.8108813155249994)
350 (1.2095494502327009, -1.5421229654424597)
351 (1.4435340543776567, -2.192991239290449)
352 (1.0646239390550714, -0.1546175139670318)
353 (1.1912532520752346, -1.1380424637777984)
354 (0.9128746964799274, -0.39474361525884544)
355 (1.0083135032849229, -0.41097524825493664)
356 (0.9628342670291128, -0.4538164479141075)
357 (1.021113979190913, -0.4793829359455114)
358 (1.1605799282471516, -0.7933617557992301)
359 (1.245045382392006, -1.45710354638609)
360 (1.2280943798302795, -1.5483274162537348)
361 (0.9708128808069922, -0.684313050601062)
362 (1.1496341997713333, -1.314392495243464)
363 (1.1833713903994434, -1.242732425861277)
364 (1.0480372099556958, -0.499145517097289)
365 (1.0282266884088318, -0.8323070096573513)
366 (1.1347910845762132, -0.9966306433305386)
367 (1.0728263573020476, -0.848507461462472)
368 (0.848077891037168, -0.21701713985911042)
369 (1.1510062922040922, -0.7980884935408155)
370 (1.1859482438073874, -0.9306332605805222)
371 (1.184772180393784, -1.0699779180062858)
372 (1.0629960662534068, -0.6686888247547056)
373 (1.062493877527199, -0.6573122699972751)
374 (0.8337628663660439, -0.27560559032858045)
375 (1.2436158668760013, -1.1940691499005252)
376 (1.1202178112904289, -0.7151331422449817)
377 (1.0428289604821517, -0.7111970949616464)
378 (1.1962852574721576, -1.284997319235319)
379 (1.0638680389755817, -0.6697909582289625)
380 (1.1669743471258618, -0.4184211748467071)
381 (1.2105697563258502, -0.7147265548841436)
382 (1.2236367675921545, -0.7644558647331922)
383 (1.2033561125831302, -0.6964953213489395)
384 (1.1069264251597133, -0.8880535312047348)
385 (1.243199213396708, -1.1366829951226236)
386 (1.2637108248669615, -1.1439791173987253)
387 (1.383734421845058, -1.566137530036304)
388 (1.3468462531669412, -1.254342885816781)
389 (1.4395566266188706, -1.7527844008206315)
390 (0.9210187404282296, -0.27636924308034183)
391 (1.1143519095775534, -0.7377876449212855)
392 (0.955383770417022, -0.3806159068068902)
393 (0.9624087123657152, -0.5391177379710976)
394 (1.0092982587483965, -0.3892156749608066)
395 (1.0635970684762166, -0.5907148198596702)
396 (0.9964228439531392, -0.6867803788395007)
397 (1.1485760754889924, -1.0202442496178508)
398 (1.3070281645996342, -0.9604619289633686)
399 (0.9804256311356667, -0.25887632301999686)
400 (1.8291369309330283, -2.6657568721491423)
401 (1.902666110015992, -2.9624334098758127)
402 (1.5894063549361381, -1.7544655779235567)
403 (1.7490815140653597, -2.4845383857985532)
404 (1.8331144383965725, -2.5870418251116614)
405 (1.7748942273782375, -2.327866587365017)
406 (1.8667694429829527, -2.730742627298001)
407 (1.8662721727853848, -2.740145953731566)
408 (1.7442875384238543, -2.357002474127689)
409 (1.8224886723584828, -2.503260393421089)
410 (1.5769706067962257, -1.620541708534138)
411 (1.6103484936417936, -1.7062994634919426)
412 (1.617116866529198, -2.0436001204312633)
413 (1.609410437455754, -1.7141317547797756)
414 (1.5421864139704662, -1.503387649468569)
415 (1.56348956575431, -1.71377584527841)
416 (1.6822821825065724, -1.9598941482680852)
417 (1.758604552012325, -2.4543373096382717)
418 (1.6231008998426584, -2.069881648121885)
419 (1.6578449304901985, -1.872122796992175)
420 (1.4002737550559508, -0.940154369375368)
421 (1.622417675496453, -1.8746445051334746)
422 (1.3995294162772374, -1.291485907047878)
423 (1.7028761454488357, -2.178052685388986)
424 (1.3996532643735748, -1.0361598120890718)
425 (1.6068972453346932, -1.7933406185598197)
426 (1.5782626154124593, -1.9067360924787031)
427 (1.2566478263605658, -0.777851885175398)
428 (1.540367268425889, -1.6171577959859653)
429 (1.5606813111089277, -1.5022305811030134)
430 (1.6013556889324105, -1.9667236047866279)
431 (1.5497441740278477, -1.5605000131063373)
432 (1.5581644310508296, -2.00719755198661)
433 (1.589931701969597, -1.9114446690296)
434 (1.44751836950153, -1.4571655413548992)
435 (1.830187046708981, -2.9087232861991033)
436 (1.423050113334146, -1.152566004724831)
437 (1.5061201075562185, -1.7248710596036987)
438 (1.6777527359723574, -2.3739079272384553)
439 (1.8080702434382006, -2.8133789377064398)
440 (1.3944612361478448, -1.1719652449592814)
441 (1.4952025809483194, -1.6066821269350493)
442 (1.5124517475909918, -1.6227745841315988)
443 (1.539807123828792, -1.6410662814281136)
444 (1.4540447539180419, -1.3791495869622221)
445 (1.5496268008830592, -1.5985637731874427)
446 (1.4541028098111455, -1.2856743762543583)
447 (1.305937761109882, -0.8013925929965221)
448 (1.312628501166832, -0.9600857693886763)
449 (1.16439007383597, -0.3048009821793885)
450 (1.5924235447459645, -1.7814099332509743)
451 (1.4588825543673902, -1.881542823657474)
452 (1.495338047256856, -1.5691641149836544)
453 (1.501683396720508, -1.4230817975683487)
454 (1.4192015552721513, -1.2936987117242522)
455 (1.5247282766016579, -1.686582200047395)
456 (1.4203368675455397, -1.6689744530404536)
457 (1.3596238262026872, -1.1272689742268711)
458 (1.3699102625410924, -1.3040359010637523)
459 (1.200502317530473, -0.6603305196358126)
460 (1.3410504134189936, -1.0239341237938753)
461 (1.4918085844601068, -1.8545592013084096)
462 (1.2958306501691754, -0.7528785122760843)
463 (1.2901440582498225, -1.3129022485039465)
464 (1.4189116430978943, -1.548873947259747)
465 (1.2532538915505915, -0.543183796251074)
466 (1.2887900706290012, -0.8292614109169628)
467 (1.4834496805461026, -1.672547728173582)
468 (1.4799740859448203, -1.7119709968034762)
469 (1.3930084839062247, -1.492983531422564)
470 (1.5111445493777171, -1.9758461858361758)
471 (1.3268095910838287, -1.0617236902721265)
472 (1.4786206050006836, -1.1446862552486967)
473 (1.4097524251197502, -1.0000393334430047)
474 (1.35728221563833, -1.0342372260452088)
475 (1.4971072147194888, -1.5194019885444199)
476 (1.3006006249949638, -0.766161816540176)
477 (1.3206125459283686, -1.376268656155614)
478 (1.5098242155628623, -1.9634886307969932)
479 (1.4542755328251937, -1.900385699861224)
480 (1.3605128023499646, -0.804137969136888)
481 (1.5629365351235, -1.7777824142442193)
482 (1.503578831122329, -1.7793976659709112)
483 (1.5588072770277408, -1.7469237727102913)
484 (1.7053578243047083, -2.5128905741291634)
485 (1.3903934978535113, -1.0652261728675767)
486 (1.4297583644663832, -1.4529014937383302)
487 (1.5188336407342573, -1.7344012029357916)
488 (1.4473397606148068, -1.3764627100436315)
489 (1.3768403214573375, -1.3477283294975315)
490 (1.2653187092448983, -1.0157494720734979)
491 (1.5589401388699993, -1.8062763677426024)
492 (1.5922569174171577, -1.9889675840164824)
493 (1.445973824534848, -1.3820491711298444)
494 (1.3856866652933373, -1.2613011785115604)
495 (1.5080677486099001, -2.1109928388794144)
496 (1.532433248351395, -2.046094392938629)
497 (1.2797947071395341, -1.1598288633081413)
498 (1.3894010713794263, -1.4012346663815478)
499 (1.4390434959490297, -1.4940935786468157)
500 (1.7232694555064019, -2.0995825182884444)
501 (1.7069957584611188, -1.971420009977773)
502 (1.6675734690213617, -1.7202327862212536)
503 (1.6860213749411186, -2.130756766626869)
504 (1.8276409109714213, -2.7348562831260934)
505 (1.7282477494413804, -2.119349745059094)
506 (1.657064470109602, -1.7943630102054156)
507 (1.4875602881891725, -1.3138248638725243)
508 (1.6840261118968123, -1.9995972929862125)
509 (1.5719884544818685, -1.508711527231522)
510 (1.6137545528124697, -1.794359794860686)
511 (1.7320718028396227, -2.239652048347135)
512 (1.7369660603492374, -2.1488770009668245)
513 (1.6251948033450332, -1.7372092274316464)
514 (1.473044322193093, -1.193863960787391)
515 (1.8146426238935436, -2.9317685462382608)
516 (1.642079313160591, -2.032204949923399)
517 (1.7457491004799268, -2.599382186984821)
518 (1.6945463793873896, -1.957014135351242)
519 (1.832526715796994, -2.7929122989774315)
520 (1.6320886371518568, -1.9491349354879548)
521 (1.4963490520629996, -1.3389805205818106)
522 (1.4940198757176866, -1.2389011318082797)
523 (1.7155368391978247, -2.5046174331194986)
524 (1.5422925140595671, -1.4993635924250517)
525 (1.6697187543552328, -2.379740895907558)
526 (1.7231231099993207, -2.43186836277995)
527 (1.5413982735462002, -1.5626691006907576)
528 (1.6139275017152739, -1.9285736518810888)
529 (1.6314451036384658, -2.143599409270166)
530 (1.5409737525164147, -1.7631703305853654)
531 (1.4633042117858241, -1.3507198230437019)
532 (1.5112797098741475, -1.3838485174822974)
533 (1.3915602429760145, -1.6218151471788733)
534 (1.6315584432133103, -2.235902678371047)
535 (1.561306565739302, -1.7502123170923272)
536 (1.4226504149297854, -1.3251706074789824)
537 (1.6366446811622617, -1.8999507811080165)
538 (1.593762196961914, -1.6813966219781726)
539 (1.5737349846217965, -1.7493427317891663)
540 (1.37222718903374, -1.1433032924590227)
541 (1.7115379581873993, -2.4125529510298933)
542 (1.5313784407045499, -1.620560381262072)
543 (1.2250842155650152, -0.49081094086966626)
544 (1.1893922726138177, -0.9163854971123205)
545 (1.6084112136675164, -1.958365191141023)
546 (1.495437139240868, -1.414771986478575)
547 (1.426552738895552, -1.7141495678357315)
548 (1.474010699171244, -1.6537869249144803)
549 (1.6116253117170514, -2.0699483397811074)
550 (1.5168951924752012, -1.60293856041133)
551 (1.6527448995228433, -2.1946885691618436)
552 (1.5454279273505473, -1.8162746298400456)
553 (1.4144843861875016, -1.380176651460589)
554 (1.5808331634274866, -1.9147977933341724)
555 (1.558877899010413, -1.7553069616998682)
556 (1.2458029436020217, -0.3270648960473524)
557 (1.493007732788249, -1.3874917657525416)
558 (1.5342966797645028, -1.75528176462969)
559 (1.4682127010041843, -1.8801480178861667)
560 (1.430689904172795, -1.6004385324419015)
561 (1.3339000670217276, -1.1699292279674922)
562 (1.454624482234082, -1.5891369368936494)
563 (1.4126222409993872, -1.3998262319509691)
564 (1.3578368432658356, -1.6036951884641595)
565 (1.3823129853963922, -1.140220350901186)
566 (1.2676214900130414, -1.020048103346324)
567 (0.99448678992962, -0.6476788366784064)
568 (1.481594508720574, -1.8686338943939997)
569 (1.3624127757568751, -1.1995970076125744)
570 (1.236655658764113, -0.7519671265406921)
571 (1.3590882906626685, -1.2590543783964196)
572 (1.3751937546121014, -1.3157856000798223)
573 (1.3451571706335343, -1.2703141744035311)
574 (1.4206281812247663, -1.6271390380745536)
575 (1.335817878823563, -0.9009762638942684)
576 (1.4532099398485108, -1.6323132842991417)
577 (1.2119919045742649, -0.7512356315626073)
578 (1.5134285280539688, -1.9775150376241855)
579 (1.2313958166132717, -0.8481156977321586)
580 (1.5420524468270973, -1.9778410713145973)
581 (1.6448689105298209, -2.3830885913378768)
582 (1.520974655564814, -1.389754218267638)
583 (1.42418852518035, -1.1925679287553526)
584 (1.458646277442199, -1.4218736432634678)
585 (1.6344995137218385, -2.3132323541214546)
586 (1.38707520347318, -1.3837684145454152)
587 (1.6155284842113942, -1.8713175211240003)
588 (1.6264298748867354, -1.9828976514193906)
589 (1.5931336211063336, -1.9968305480977653)
590 (1.3460884369471462, -1.2385728361165125)
591 (1.3209607692325613, -1.5592409231340605)
592 (1.313854973852845, -1.1696107584685322)
593 (1.462280056797685, -1.5177755162117426)
594 (1.3453904295378214, -1.2001611370505234)
595 (1.317585324346124, -0.9874274433809069)
596 (1.4411333418688483, -1.5293593969266934)
597 (1.3621406850872264, -1.0766560491898098)
598 (1.3045521737882297, -1.034962846494269)
599 (1.4309759067204328, -1.3799298593270388)