0 (1.6538802773725296, -1.945993984340277)
1 (1.5041038971380185, -1.17086480704714)
2 (1.9576746567571837, -3.2816796303284717)
3 (1.7797517825663358, -2.256632595485547)
4 (1.9766963098900805, -3.3310051881162623)
5 (1.5726336564262298, -1.6314124261732954)
6 (1.3217328982966736, -0.7400972653497017)
7 (1.54141751377127, -1.6203525735925444)
8 (1.7065676703704735, -2.3786235399943183)
9 (1.6428242540571814, -1.8995332726907577)
10 (1.6816156584564725, -2.0105937128902105)
11 (1.5287282876761126, -1.6472961220534756)
12 (1.644096022357013, -2.039197432606199)
13 (1.6451402919316613, -2.1718326433543225)
14 (1.4105593301721482, -0.8970471043947651)
15 (1.6597483039698504, -2.0588022793290186)
16 (1.6929946807837941, -1.9238319076367805)
17 (1.5525884588394183, -1.5225071078608463)
18 (1.7910888886220635, -2.5868247560884647)
19 (1.748904198770166, -2.347347581289806)
20 (1.4674828012629775, -1.5493186538078962)
21 (1.5179947761689057, -1.3174841492220728)
22 (1.7160693819331825, -2.3205880280128603)
23 (1.611952314293145, -1.8088961728375124)
24 (1.299875576832351, -1.00461520262136)
25 (1.7467097142272687, -2.199604746872938)
26 (1.8319886867157356, -2.590180761420666)
27 (1.438916309456851, -1.3558507429748925)
28 (1.3611924763742542, -1.6089889876646866)
29 (1.8089723981873973, -2.6277379377392136)
30 (1.5970104411253045, -2.069511539247036)
31 (1.5771821374507884, -1.587238625573679)
32 (1.2864943117053107, -1.3749656457396848)
33 (1.7386189477742549, -1.9999670947384902)
34 (1.5959217056512676, -1.7900588729495264)
35 (1.5653916109197639, -1.8308823652853203)
36 (1.2509341987131686, -1.1055164370989756)
37 (1.8267660579132674, -2.6768361110734635)
38 (1.8128973531171135, -2.8328168602574664)
39 (1.5701811983754064, -1.8022768415707695)
40 (1.3384056044102457, -1.0990467074408592)
41 (1.8159373969707646, -2.7345176843212564)
42 (1.7497993544510968, -2.277867440736253)
43 (1.6979344732703159, -2.2390446971097533)
44 (1.2758705344769996, -1.252661312932635)
45 (1.8311062084357341, -2.654881219319909)
46 (1.6421745169548005, -2.161930647785352)
47 (1.8717089768120123, -2.988873174803859)
48 (0.9544979967601339, 0.0824659957337287)
49 (1.8822851264899447, -2.706700004817358)
50 (1.7036020693465923, -2.2321495012006047)
51 (1.7216695053733697, -2.0316438770093415)
52 (1.2394961995601264, -1.1917601755002212)
53 (1.8069037016234648, -2.2660726476277966)
54 (1.531290775061166, -1.4324504117086954)
55 (1.8101840091286663, -2.8822647693908476)
56 (1.2090575723819499, -0.8190702098298281)
57 (1.7695413146713233, -2.4853174238700277)
58 (1.7321464714316157, -2.3583304389124162)
59 (1.6205265939615026, -2.211401112586689)
60 (1.2124080064815217, -1.1171378919087849)
61 (1.762129537948885, -2.125989705035985)
62 (1.6358778999646424, -1.785111946478559)
63 (1.759430033512341, -2.719292847271048)
64 (1.1884390067942712, -0.8869636998643339)
65 (1.8329515161557666, -2.5496920134056134)
66 (1.6228636442611832, -1.771975595077712)
67 (1.5071328770028483, -1.83418065484955)
68 (1.0818712976105085, -0.8208992046779745)
69 (1.701826922865258, -1.953678786030718)
70 (1.4983886358904115, -1.2621111380968735)
71 (1.5852178322838202, -1.661259150001061)
72 (1.214954307212432, -0.9372088706980823)
73 (1.6109158277979416, -1.6391300914439002)
74 (1.7911263120572372, -2.461769169541936)
75 (1.751900573938915, -2.6005665416935333)
76 (1.1609727192999197, -0.8707830900775945)
77 (1.752267889433038, -2.5556507197496816)
78 (1.4473765805026682, -1.0755111006712437)
79 (1.6847693909894736, -2.1881484371176083)
80 (0.890358345685565, -0.16634102480224133)
81 (1.6237962435288578, -2.019013188705421)
82 (1.68822050686747, -2.0065775104535613)
83 (1.4865725449340337, -1.2381554891923316)
84 (0.9870212251461683, -0.18639690813882748)
85 (1.7504335136060678, -2.573514968280579)
86 (1.789657774234589, -2.3749650930022677)
87 (1.670598046067073, -1.8474892481064316)
88 (1.0853681150982941, -0.868406280174782)
89 (1.7070006733340526, -2.0145482203415814)
90 (1.843894929111084, -2.979004302970491)
91 (1.5587820003728419, -1.6239433799329914)
92 (1.1918495494119932, -0.8176103414291074)
93 (1.576590241796161, -1.7903790147648015)
94 (1.8353576603217856, -2.619446513008708)
95 (1.5198776640708074, -1.4474888619979105)
96 (1.8257113624841665, -2.5289762703318597)
97 (1.6019962508382888, -1.7185212442513798)
98 (1.636938404494009, -2.1385420060801072)
99 (1.5402853325161068, -1.4271962127008877)
100 (1.6829478065400896, -1.9966658999021587)
101 (1.7629351491452385, -2.501871126884762)
102 (1.6625489154075395, -2.0210376439608786)
103 (1.4823189464801747, -1.3229095963079895)
104 (1.7019369381083236, -1.966476382361386)
105 (1.7347940349225826, -2.1869017058960862)
106 (1.6875340931226586, -1.841927949343095)
107 (1.659315951346303, -1.8995752875322922)
108 (1.829425677442487, -2.7351357086133277)
109 (1.7150160973242565, -2.5213604495084643)
110 (1.6639802748013284, -2.0429736801112734)
111 (1.6348034396999496, -1.9597318827136962)
112 (1.726304211298968, -2.1117905962030576)
113 (1.6287122705224506, -1.9166453535849985)
114 (1.710872205393208, -1.981939724065736)
115 (1.6174404265869038, -1.8248142464934625)
116 (1.8404422439259769, -2.616639419629171)
117 (1.5619189751615334, -1.5972767972837691)
118 (1.620069814483669, -2.045376077926509)
119 (1.7338443375084516, -2.300386593705446)
120 (1.1271730893684222, -0.7329764107562994)
121 (1.2311454097551258, -1.1744631216046024)
122 (1.8766070364673793, -2.856890429700731)
123 (1.5186224040356333, -1.2887285448497274)
124 (1.176609355356114, -1.1095390930768112)
125 (1.2805554281399565, -1.1868392275725979)
126 (1.7372796641196397, -2.0590939504689687)
127 (1.5587940838474994, -1.4906275431881695)
128 (1.072343314101196, -0.32458272657800125)
129 (1.4933213724325143, -1.8597240276556852)
130 (1.9212143732326958, -3.0841424106544)
131 (1.744150122911594, -2.3054871835912247)
132 (1.1716138863596566, -0.8641623643886298)
133 (1.1931780007778978, -1.0999803683180114)
134 (1.8058025504692463, -2.3632329117009823)
135 (1.6291937481309724, -2.1005793317042354)
136 (1.2095208868031821, -1.0319126659655669)
137 (1.46271757380917, -1.798008335393053)
138 (1.5025719874527774, -1.3548500893409865)
139 (1.7150168763176945, -2.2382834394567523)
140 (1.0852038797298977, -0.6869680744650656)
141 (1.2368963031059645, -1.397078581900733)
142 (1.7900061832675727, -2.2599464173212125)
143 (1.7249412017601706, -2.3079724421512244)
144 (1.6441307565998329, -1.723107608855717)
145 (1.5278615000389602, -1.4863132740480192)
146 (1.458695728633545, -1.0489981535972808)
147 (1.5129745890647073, -1.52236089888985)
148 (1.6035665804298656, -1.7912810663122756)
149 (1.3198048066731525, -0.8994455700317924)
150 (1.383022852828359, -1.19788157759862)
151 (1.6445533502792498, -1.9896786578852999)
152 (1.918593774747835, -3.053926421225186)
153 (1.717842893438901, -2.3666453144328146)
154 (1.8880045319438181, -2.8583167753462364)
155 (1.5803543278550842, -1.6148207588491608)
156 (1.8761764630924944, -2.805278283607977)
157 (1.4745281678230044, -1.4013988414246108)
158 (1.5591260499178958, -1.7307423590165245)
159 (1.6173383171849114, -1.7808881590105667)
160 (1.7624531300381219, -2.1651447584587395)
161 (1.5644011436122394, -1.6629973276966812)
162 (1.55650679981706, -1.5920623530591527)
163 (1.5967186836500176, -1.8542383913976157)
164 (1.891843286649063, -2.918904478774169)
165 (1.8098625427765125, -2.99619293655028)
166 (1.4574813841274468, -1.4418087609354762)
167 (1.5638881416523114, -1.8020051357678655)
168 (1.467803748784152, -1.3728669326749536)
169 (1.8399539917168366, -2.6321302829898197)
170 (1.5897686766093981, -1.7036726046251)
171 (1.7123426034895857, -2.0552562007366126)
172 (1.4483724637590187, -1.3583506578452251)
173 (1.6754115931873268, -2.4460876299517427)
174 (1.858636627828758, -2.814945615949006)
175 (1.424283383115239, -1.088047677180425)
176 (1.4097042960747403, -1.4552690128305465)
177 (1.8179687125039363, -2.4947441751525132)
178 (1.726456245946155, -2.341401218867334)
179 (1.4200752228491975, -1.153568014806918)
180 (1.6061000626521722, -2.0706564103029743)
181 (1.7014802133326175, -2.078660062144697)
182 (1.6665701631466623, -2.196293939751189)
183 (1.6647490045141808, -1.9657841693031788)
184 (1.5721798393754634, -1.7220279663402713)
185 (1.5720305794792129, -1.769250204857878)
186 (1.6357376025051116, -1.7113313139871147)
187 (1.6834997918369128, -2.358304065923315)
188 (1.4472437066406882, -1.4413240769427995)
189 (1.7547698160982403, -2.206740553693309)
190 (1.6753731915182866, -2.118312634012775)
191 (1.7625194649471927, -2.4347005146514387)
192 (1.4661081743453181, -1.655066863012855)
193 (1.6732481974274571, -1.8075895349108397)
194 (1.4945128422078242, -1.2705019134344737)
195 (1.5724476188844543, -2.0438414499598245)
196 (1.6180387244619294, -2.1383478132448728)
197 (1.9312696672774388, -3.10517745500287)
198 (1.6125933994715536, -1.8065805362027214)
199 (1.7359286906927807, -2.55286318753433)
200 (1.4601306622670396, -1.4167715772525682)
201 (1.8452070859063305, -2.665137371134157)
202 (1.71659946243839, -2.294701851963482)
203 (1.566688636253359, -2.0313538680205427)
204 (1.4714380953204511, -1.657417844150635)
205 (1.7622121467596992, -2.296698202139976)
206 (1.6055417939302534, -1.5100926126828422)
207 (1.5654439418341257, -1.8004061683203614)
208 (1.434774829493305, -1.473662042380086)
209 (1.7554859796560895, -2.0533517470873464)
210 (1.5764219946982645, -1.578517834065085)
211 (1.5263716642713807, -1.4607668697815852)
212 (1.2215384942676124, -0.6286350005647336)
213 (2.115240648107021, -4.189314217558413)
214 (1.6780333991009007, -2.0391006612575358)
215 (1.4616131307445817, -1.1316288232354406)
216 (1.2729668192640247, -1.0586250853854238)
217 (1.7681586368983973, -2.3650122899009114)
218 (1.7539638181355846, -2.2198814491181538)
219 (1.5367348498336646, -1.350443685438024)
220 (1.2718335559130733, -1.2621490558057198)
221 (1.733180321334766, -2.3714554188728276)
222 (1.6031335805688876, -1.6780336128701683)
223 (1.428801923498406, -1.131331718975263)
224 (1.2313986373265307, -0.6339762282819036)
225 (1.7559974778245215, -2.4479867024769084)
226 (1.677536168238658, -1.9240230628786241)
227 (1.6422075657695279, -1.8712995573830686)
228 (1.5313269411490424, -1.5355434884521664)
229 (1.723142900820573, -2.218440843601793)
230 (1.6709055813043565, -1.9289567818029574)
231 (1.3713242716335843, -0.9015424621921372)
232 (1.255532701663803, -0.7024703983276298)
233 (1.7004800467243668, -2.0471334151610923)
234 (1.625759853881466, -1.9555930501590366)
235 (1.6333569673127903, -1.7958519990193025)
236 (1.3070336183507634, -1.1932209295207818)
237 (1.8285124322466275, -2.564144564009268)
238 (1.7119153103645328, -2.1937710735308706)
239 (1.608779320923902, -1.8821724340901862)
240 (1.8431791891737734, -2.7255432228091605)
241 (1.7375356450078572, -2.4027187698160843)
242 (1.5964274910339695, -1.7056532164783471)
243 (1.7045718725658787, -1.920954814665839)
244 (1.8161114585795457, -2.5924949054114803)
245 (1.579314007707906, -1.9135866618010904)
246 (1.6223614622695752, -1.8076373245829762)
247 (1.6425984119971075, -1.9795899910159929)
248 (1.8543585625666366, -2.915353733284108)
249 (1.6735509736615855, -2.151592314433064)
250 (1.661781539418931, -2.0245942922597018)
251 (1.47662217362985, -1.4788659948101621)
252 (1.6377963865865242, -1.6250638062161864)
253 (1.771033848788348, -2.3843019206041642)
254 (1.646606419399723, -2.0035024396677246)
255 (1.4947141637906187, -1.3803290643841382)
256 (1.7810600004352204, -2.323805963323617)
257 (1.5076740802336561, -1.4957963862878985)
258 (1.744032534143857, -2.31587315096289)
259 (1.6542831420826323, -1.9498960277018462)
260 (1.8033009649583513, -2.3857116395158484)
261 (1.7357565278844185, -2.3769194759603938)
262 (1.618671894656626, -1.9667714081459742)
263 (1.6899490649592945, -2.099150408530178)
264 (1.179129031096473, -0.7693145465216007)
265 (1.5586414108673468, -1.8292373865525267)
266 (1.9565795437961764, -2.9848538803078863)
267 (1.2795549929075845, -0.47885017559138693)
268 (1.2516812896021359, -0.8213196290858751)
269 (1.6468286059468988, -2.0305915338004192)
270 (1.8701664444742485, -2.778606682612034)
271 (1.57301352416342, -1.521638868394988)
272 (1.115375239027958, -0.3776307344703516)
273 (1.4988770378879368, -1.7120204349983863)
274 (1.8664453941560852, -2.7264427760314245)
275 (1.596257532187946, -1.6138548866613118)
276 (1.3792571068645072, -1.5486675062045345)
277 (1.4386460421104614, -1.2928600241307635)
278 (1.7675442867628328, -2.2104849431759988)
279 (1.649236076257589, -1.968818605777753)
280 (1.2864823710235493, -1.2061466144041029)
281 (1.4761384120768462, -1.387961057725232)
282 (1.7354879891334374, -2.1158376752876915)
283 (1.7599266842175592, -2.346437254276827)
284 (1.3616520955066007, -1.5858007151946791)
285 (1.6060456478734597, -2.0687438310601243)
286 (1.788365101540769, -2.2491462950830052)
287 (1.7063136700473887, -2.1572854166530138)