0 (1.8003182417322579, -2.7511643467390203)
1 (1.8070755095601603, -2.6764093515053387)
2 (1.442927259275058, -1.2401017530698235)
3 (1.4918987944391757, -1.5796430100468015)
4 (1.7877586219836168, -2.5425843610871177)
5 (1.6436991324056756, -1.9832962780277728)
6 (1.68618473697918, -2.1267963861229164)
7 (1.7612814654391553, -2.475464887520089)
8 (1.6750498468076445, -2.264772137432039)
9 (1.7069684271933814, -2.1931294135450443)
10 (1.547604225105818, -1.6075052464902542)
11 (1.7477478757670948, -2.4540023097522075)
12 (1.7413930436076475, -2.409624554686065)
13 (1.614832165870829, -1.9774590087888664)
14 (1.6155794987613143, -1.8390589248566125)
15 (1.52234983070414, -1.5190455265807212)
16 (1.6638331876608825, -1.9123391085205532)
17 (1.559772001707445, -1.3514618466345392)
18 (1.715370668746029, -2.4223058667066795)
19 (1.624843177978592, -1.7606111083944085)
20 (1.6083119340740852, -1.988152470674555)
21 (1.7339299484227642, -2.2555580130802033)
22 (1.5752094763918767, -1.6478713312494575)
23 (1.4758451258791525, -1.1733589685304278)
24 (1.343268051553339, -1.2193393443194602)
25 (1.7621577076804642, -2.3632493255602043)
26 (1.6444169104656303, -2.0048861660954174)
27 (1.5356959357527589, -1.5815650567821442)
28 (1.4598403861828024, -1.7724787990912914)
29 (1.78816026578995, -2.3684086604264256)
30 (1.6234222079843028, -1.834877753430811)
31 (1.2479300129941773, -0.42576750808410585)
32 (1.4240293786977525, -1.7237404878148348)
33 (1.7114057433892844, -1.9720756320253188)
34 (1.6518811220271685, -1.8703627278814727)
35 (1.5347286427768043, -1.6306691669544977)
36 (1.1625282196055864, -1.1126317941729313)
37 (1.6588638770998954, -1.8898691704605444)
38 (1.684342494187033, -2.0366103154968695)
39 (1.6708469762471447, -2.1119803062415334)
40 (1.449558048164607, -1.41044231428267)
41 (1.8479846370179474, -2.541690165053404)
42 (1.8038959554715377, -2.5838487790722864)
43 (1.4249244955273175, -1.1307638000776203)
44 (1.305766912656818, -1.268734012884535)
45 (1.7864061704670082, -2.344049043334996)
46 (1.7285404226027496, -2.179952220556613)
47 (1.7177048606944931, -2.6078978323831423)
48 (1.0196738019140623, -0.5019380827130293)
49 (1.8730371876259742, -2.8893374124284326)
50 (1.6452248752886138, -1.9616451272218116)
51 (1.67586237065761, -2.3422505156002296)
52 (1.1705330417956679, -1.0955931241029775)
53 (1.6813408963172316, -1.806513746225988)
54 (1.6633404159176366, -2.112855984365827)
55 (1.6913600062063845, -2.308367376160898)
56 (1.1729488607143876, -1.0193418592364545)
57 (1.7087819090492806, -2.1326130924315536)
58 (1.5609373593756108, -1.5213298602984369)
59 (1.639414656814272, -2.0892738685937475)
60 (1.2405862439911437, -1.1341159974081878)
61 (1.7262844074746435, -2.1979356669773686)
62 (1.458971298849334, -1.2182438633326125)
63 (1.7998628719639747, -2.657063646678356)
64 (1.0694714197930024, -0.6431927061642732)
65 (1.8253175447486436, -2.5147905522453216)
66 (1.6338000655779885, -1.975337790899229)
67 (1.6562985959840433, -2.0401245591033064)
68 (1.100130109513283, -1.0898984910178535)
69 (1.7505648816228172, -2.4823376529926025)
70 (1.6716854532481553, -1.883924202705518)
71 (1.7013809051143203, -2.107293714347075)
72 (1.224549870074534, -1.207943974197081)
73 (1.6719975622567949, -2.0215458299322764)
74 (1.7923468958822906, -2.4099573594630437)
75 (1.3546162746773935, -0.7944481601002965)
76 (1.025917377597517, -0.9318409288320018)
77 (1.5668177258309106, -1.6862011624221651)
78 (1.8704363817010567, -2.8345768382128256)
79 (1.5264585248961628, -1.5021420894001642)
80 (1.237482272321554, -0.9316064891259824)
81 (1.6645281885438623, -2.5636372367100257)
82 (1.7189144744452232, -2.1160356897904946)
83 (1.4301275904732165, -1.0601541365912655)
84 (0.9033074810576436, -0.15715963269894928)
85 (1.8015949975664038, -3.0618930765005508)
86 (1.503257107025458, -1.4844030517786115)
87 (1.592496089136419, -1.6861487013974101)
88 (1.3986362545670918, -1.6348524109226157)
89 (1.7611728971338658, -2.3404146056978736)
90 (1.6519023912743653, -1.7054993935917868)
91 (1.5188277627047222, -1.7246598730683624)
92 (1.1402282227443596, -0.8014175001223358)
93 (1.6872692097901714, -2.117343102937959)
94 (1.8039298046592127, -2.505071130528238)
95 (1.8266746308939403, -2.809685062171705)
96 (1.7480800813089996, -2.1310523975861706)
97 (1.6034741925276002, -1.548558143271401)
98 (1.7665562808553563, -2.3971872885258136)
99 (1.7925107907778342, -2.413617898063448)
100 (1.8063832295068836, -2.283443534334267)
101 (1.697297600925577, -2.1203345764648382)
102 (1.5236081971474846, -1.4165564525215373)
103 (1.8326481137672068, -2.603064225159541)
104 (1.9940148684356696, -3.793370000809674)
105 (1.286841678386394, -0.49344573229194616)
106 (1.6554475734861789, -1.9778661360026017)
107 (1.6625180296266027, -2.2153434530280895)
108 (1.6960226797432503, -2.0917225933704917)
109 (1.7379598981892084, -2.588390408668343)
110 (1.5729445748145043, -1.6491496222422637)
111 (1.6370748506028334, -1.9160279040759787)
112 (1.8148195631036268, -2.4908814964668533)
113 (1.8940407668463433, -3.0583058979939675)
114 (1.610439963686596, -1.9152678640780993)
115 (1.8130051253612451, -2.628556216149899)
116 (1.8159981927609574, -2.4746803452707367)
117 (1.6071396506961098, -1.781195291828317)
118 (1.564639505824606, -1.4611811502753436)
119 (1.6904467480091625, -2.2235560580507308)
120 (1.132220998946432, -0.9036733293103574)
121 (1.1028773566099108, -0.9191512296619732)
122 (1.8850415147564885, -2.7868167795486567)
123 (1.678295266238224, -2.031648623660818)
124 (1.3047203796307925, -1.1874408658035691)
125 (1.2322515368548843, -0.9782661851091128)
126 (1.8296955089654305, -2.4944047848374775)
127 (1.6307172445385147, -1.8178506501225855)
128 (0.7955875403238355, -0.0004839375132482833)
129 (1.49004908709027, -1.7362268647089594)
130 (1.71681635410742, -2.375889647574878)
131 (1.4618916861147773, -1.6786291906228832)
132 (1.0834520408184112, -0.7225130374417644)
133 (1.1972091394734279, -1.194587029549234)
134 (1.8753268808224286, -2.746154748333424)
135 (1.5819312147825972, -1.565989357489332)
136 (1.2060708514675904, -0.9905532728147741)
137 (1.2172943256366398, -0.698243556863938)
138 (1.9722599372206364, -3.071592373435608)
139 (1.5145918530799896, -1.6830573437648626)
140 (1.2810864153552717, -1.32423308334394)
141 (1.2381110378850135, -1.069870612838597)
142 (1.8753285247585585, -2.8132374212858355)
143 (1.706993296227585, -1.9822856785909193)
144 (1.8259351013139642, -2.4552914270129955)
145 (1.6585345144482702, -2.286382233599365)
146 (1.5327339329457452, -1.6597754895337962)
147 (1.7424951724348257, -2.2403917512995237)
148 (1.8291984227034692, -2.662656166333496)
149 (1.4069477847280354, -1.164390862084978)
150 (1.7372469506794286, -2.3591878016439654)
151 (1.4040075409289996, -1.1155406374960428)
152 (1.7650498007971762, -2.31721595182472)
153 (1.7611727089666842, -2.562563692179088)
154 (1.5008622893323387, -1.4383174529501845)
155 (1.6163596839081633, -1.7563471703896867)
156 (1.8025847188437134, -2.476148926368553)
157 (1.8275795317253576, -2.703841057548522)
158 (1.420953122409263, -1.2602220788927765)
159 (1.6467682519882425, -1.924135170830862)
160 (1.6591038040065196, -1.7546303590121204)
161 (1.4274727836618046, -1.1265968375195603)
162 (1.6917221241968814, -2.078105723317269)
163 (1.6665774978732248, -1.9480010369019256)
164 (1.6585832381865384, -1.8423379973074598)
165 (1.4161835878531537, -0.9944584065277071)
166 (1.497041362971713, -1.4469064345373461)
167 (1.5410621908659428, -1.3512443215523757)
168 (1.6125155752009677, -1.7599129055908493)
169 (1.907800163983321, -3.2900314163641116)
170 (1.6221710593381378, -2.1495642326597997)
171 (1.3799123861291738, -0.9093050253326658)
172 (1.4678966939679101, -1.2987415077744424)
173 (1.768837148991676, -2.4369791168100092)
174 (1.5552742917632238, -1.6102563935213736)
175 (1.560858470109629, -1.6316382090862793)
176 (1.4481895452969318, -1.4841614034699835)
177 (1.8614038952804395, -2.73049824635468)
178 (1.7000490251827023, -2.087523708638008)
179 (1.7769353950425157, -2.4138536824267183)
180 (1.3970217617213379, -1.1989944657234803)
181 (1.8622560908372545, -2.669757667398929)
182 (1.401628852281685, -1.0346402746892436)
183 (1.6233629361799196, -1.6832597131922933)
184 (1.6256768154820223, -2.137023847197888)
185 (1.8604894829002645, -2.809428302198323)
186 (1.6358007792425437, -2.261332643678219)
187 (1.6963875340995533, -2.325966103714253)
188 (1.3669120020987542, -1.3493999015750053)
189 (1.7038638331041631, -2.0172670719933534)
190 (1.712462820376674, -2.2847353362860163)
191 (1.6546712010471105, -1.9098056090742928)
192 (1.3820170154305653, -1.233815999508564)
193 (1.9594615653892016, -3.1027028532095735)
194 (1.3528196518221978, -0.9448607589132401)
195 (1.7608919988493181, -2.51571251107533)
196 (1.3825787128133282, -1.298153947324422)
197 (1.787790895129634, -2.2439589405756246)
198 (1.6505094344548998, -1.9241960932050426)
199 (1.6434296834181772, -2.105578591437067)
200 (1.3218393385412546, -1.2185063904795737)
201 (1.7831280908868483, -2.455483502740029)
202 (1.7137904648141034, -2.1248259692765727)
203 (1.358860485003384, -0.8076920937488218)
204 (1.1717364382431799, -0.4340659812153639)
205 (1.8028371349995476, -2.526155403883728)
206 (1.7890323275678803, -2.530931988359292)
207 (1.7678225558232123, -2.6696943285653765)
208 (1.3205023117991848, -0.9415932460777682)
209 (1.9793275284437604, -3.5500705173727067)
210 (1.5436907082084805, -1.3972385933076936)
211 (1.7292755264400195, -2.5066738144604006)
212 (1.2072762772739845, -0.4891255278433919)
213 (1.7400249886613952, -2.190971913846739)
214 (1.614704531653634, -2.023491484463486)
215 (1.6118487281280793, -1.720024009243081)
216 (1.3355557073449211, -0.9501052690918906)
217 (1.7547365692751682, -2.6008408883917338)
218 (1.7954367864333158, -2.340154407972521)
219 (1.6648618712738608, -1.9077408460597813)
220 (1.4010739195527335, -1.1485847658746138)
221 (1.7718583153660346, -2.432836777389213)
222 (1.525327075578014, -1.337634445343476)
223 (1.4657167525793462, -1.4776890803620306)
224 (1.482479728332756, -1.6301320965057906)
225 (1.6892370779548245, -2.187103433817271)
226 (1.9864237356934145, -3.559312399415831)
227 (1.6701329321853475, -2.0485724978476427)
228 (1.432491069934934, -1.7585889010896474)
229 (1.5812235598336943, -1.4732135105160882)
230 (1.712819078167766, -2.0604826724809997)
231 (1.8644368876837192, -3.132416104687076)
232 (1.247337375890122, -1.2207983488131007)
233 (1.580567722480438, -1.7188252238914232)
234 (1.6166525739224331, -1.9010903142531896)
235 (1.5576054604913296, -1.5279923905951347)
236 (1.377748150357447, -1.4089057404014755)
237 (1.8819669828397585, -3.0002905610035886)
238 (1.742768476205401, -2.3522877185175926)
239 (1.6240509389283984, -1.8311154941040966)
240 (1.7027410904036273, -2.012556486812245)
241 (1.4879876241067889, -1.5400641561282569)
242 (1.652437698343082, -1.9135742621171081)
243 (1.324263157082406, -0.8796759789134049)
244 (1.6825613118817424, -2.2683929326306056)
245 (1.7651178531870875, -2.3734001529179944)
246 (1.619069969547062, -1.6341434181586179)
247 (1.5571146280523507, -2.010062686506937)
248 (1.6767562150589304, -2.2505720700363465)
249 (1.6290498332380465, -1.9792398894339374)
250 (1.55349167809181, -1.7582567173957673)
251 (1.296867595316189, -0.475289692599154)
252 (1.8677380497411815, -2.5394882458078376)
253 (1.6481278945989235, -1.939818556448837)
254 (1.5305383962766332, -1.3002120552265664)
255 (1.380395391986352, -1.1834099017939284)
256 (1.6943127682773529, -2.1148946848919445)
257 (1.7226032073882922, -2.2623040367073566)
258 (1.6282002110306737, -1.841596213303198)
259 (1.4149878090961605, -0.9498492063809496)
260 (1.771508230713044, -2.249279701253209)
261 (1.5722620226317254, -1.705625943956588)
262 (1.6437488493525032, -2.0252922674853866)
263 (1.4633470837839218, -1.286034615653652)
264 (1.37836646610404, -1.371924718758253)
265 (1.5613430635128984, -1.7411551489236812)
266 (1.8151893030658601, -2.5054327382789823)
267 (1.7492889139006822, -2.261867278552106)
268 (1.167421479707404, -0.8368822989780293)
269 (1.5657879554375569, -1.785819439599711)
270 (1.9095280764236122, -3.0894646798063587)
271 (1.5882481114526183, -1.79776221217622)
272 (1.3695885532852468, -1.259597941488105)
273 (1.7062166837772568, -2.284745146414977)
274 (1.7118784263987794, -2.18772571722231)
275 (1.6515797371491878, -2.0569082497544544)
276 (1.4231337472147307, -1.5227408604254928)
277 (1.4834808699936222, -1.4777256737840034)
278 (1.9805765995923337, -3.3617902355838063)
279 (1.6821683850314364, -2.2616087553586075)
280 (1.5290907743547235, -1.7382277934187251)
281 (1.5709052731470088, -1.7567065501631531)
282 (1.7334520987377717, -2.18282768026809)
283 (1.6075819218867071, -1.9140319951119318)
284 (1.2964576398731478, -1.0100038264647024)
285 (1.5774409934413904, -1.8323803422322356)
286 (1.7428168170521199, -2.2456607455424638)
287 (1.5339810593721697, -1.4740838984673283)