0 (1.6614189082250048, -1.9163391731809918)
1 (1.7090148233220477, -1.9241879597774123)
2 (1.834758716435467, -2.405427936164465)
3 (1.612688559197434, -1.6614857318592395)
4 (1.3560765441803133, -0.8655782561739702)
5 (1.6203580752485873, -1.803297861223673)
6 (1.751467480150924, -2.349445137550666)
7 (1.6525489279857069, -1.8682528093034176)
8 (1.6127286793053095, -1.7155240707846469)
9 (1.7570987489251346, -2.2666125636053653)
10 (1.664036785165677, -1.7969387140816842)
11 (1.7937885018050952, -2.348332397833073)
12 (1.7163844295629171, -2.1449695819930583)
13 (1.6805170128804507, -1.8766411651478716)
14 (1.6062839799735709, -1.760355667492472)
15 (1.610020390253217, -1.8224382805808128)
16 (1.7872070466486238, -2.5384254307462744)
17 (1.6946229310840795, -2.0181237764785425)
18 (1.7888702827646943, -2.4079929460624783)
19 (1.5748962867015315, -1.919635911906739)
20 (1.8063117885408062, -2.594032918577199)
21 (1.5783191889921804, -2.052771960595131)
22 (1.6672971120715785, -1.8000607709897924)
23 (1.7321435781737158, -1.9089463404427907)
24 (1.6624840897306379, -1.8036182331532766)
25 (1.6034726204547636, -1.5124585720078927)
26 (1.697787775753032, -1.8318244996431134)
27 (1.3499882551623048, -0.6641355867152532)
28 (1.7865407604247145, -2.5049668833668117)
29 (1.6924973718000238, -2.1352999310294933)
30 (1.6786972930460606, -1.9135808314728657)
31 (1.523171590674242, -1.4582483949132565)
32 (1.490076024094323, -1.3067744901064484)
33 (1.915883627628616, -3.0181121136096487)
34 (1.8049997915522378, -2.730203159285181)
35 (1.564003453880914, -1.4402585523310005)
36 (1.480150723707779, -1.43217373251074)
37 (1.6621373953606944, -1.9800298423653153)
38 (1.7251850073571042, -2.172878305756242)
39 (1.912048174384926, -3.031273186104616)
40 (1.7628495396663908, -2.4266850081986613)
41 (1.7379072948937953, -2.37382840508407)
42 (1.670853193204984, -1.8763945039217569)
43 (1.443273112548296, -1.1498256949288925)
44 (1.4142649304510502, -0.9711140894493957)
45 (1.3365105782498978, -0.804294961482344)
46 (1.4758901481985263, -1.3041336612259)
47 (1.5621310179399277, -1.4162365677103244)
48 (1.443413308540389, -1.1877920984346324)
49 (1.5665043869202027, -1.59452648751946)
50 (1.402471256164638, -0.8059257488745911)
51 (1.641555257077145, -1.9303628843787335)
52 (1.6904570873379847, -2.192753634324785)
53 (1.576163236939461, -1.670293456982195)
54 (1.4699193727349031, -0.884381731672494)
55 (1.6601909702227104, -2.0965067564727677)
56 (1.7718407420721143, -2.542352786669672)
57 (1.6525940525587859, -2.0730675971930896)
58 (1.701070538995073, -1.902831953342061)
59 (1.695143385092683, -1.6871482134412135)
60 (1.4524636131462205, -1.2787695012790932)
61 (1.7228010629641042, -2.334455575739883)
62 (1.7337908790565228, -2.331433969204835)
63 (1.7105823709224601, -2.201826014065351)
64 (1.459327874524652, -1.1375627951445912)
65 (1.7389069412973273, -2.262702893302377)
66 (1.8185375256683889, -2.5470991538566716)
67 (1.806890106650063, -2.481068670442017)
68 (1.7442442067525015, -2.5029485767479347)
69 (1.4433209088426693, -1.1744425438268422)
70 (1.693176194365415, -2.1385039564767494)
71 (1.9330497129264526, -3.2033351119260076)
72 (1.6006826208707188, -1.7033454732198616)
73 (1.5571853699384126, -1.682171742717902)
74 (1.7336775358198688, -2.0684531065782896)
75 (1.7302004951552146, -2.1262369086298794)
76 (1.556474330614549, -1.5791111744980666)
77 (1.7275119292631764, -2.4175442888112526)
78 (1.6193887589836065, -1.7903839054136665)
79 (1.6160923238572191, -2.1335213118180243)
80 (1.6377555891888644, -1.989163346853698)
81 (1.714451095153199, -2.1691685107133307)
82 (1.2720404682704212, -0.4101115688940546)
83 (1.8161110101238307, -2.5961741883166085)
84 (1.8626056992679367, -2.9120764067596876)
85 (1.524677070790737, -1.4134011462070215)
86 (1.4787569570721846, -1.2845690953299984)
87 (1.4412626017507895, -1.021642842379901)
88 (1.7714298320226671, -2.3913938900079468)
89 (1.5827428186843988, -1.7375197551778476)
90 (1.6870908729115157, -2.044019446361061)
91 (1.5031980073771694, -1.308515470988753)
92 (1.764853512647691, -2.2751555633993137)
93 (1.7170968557852149, -2.2955020344565344)
94 (1.6630910817744013, -1.9551757420242317)
95 (1.9390857263212935, -3.190189724091206)
96 (1.6911567034040518, -1.8342363204902823)
97 (1.7183238667536709, -2.2115728522050047)
98 (1.5713020518540632, -1.5619457259082776)
99 (1.4594247613711853, -1.2441682577529907)
100 (1.6568448620216298, -1.722788720534246)
101 (1.6500302016566515, -1.920025186329769)
102 (1.6427410845282993, -1.9850165616761555)
103 (1.6406900311486836, -1.915151300592683)
104 (1.8157151283252164, -2.606926812915416)
105 (1.7038343078567098, -2.354718080041353)
106 (1.6032620576661816, -1.582813448223187)
107 (1.5988848597948642, -1.4522945423608387)
108 (1.567662016677881, -1.6620047421780817)
109 (1.6398674204590542, -1.7479022906679882)
110 (1.701124703995151, -1.9845182966205177)
111 (1.8544561123493404, -2.664774515510191)
112 (1.5196948682975298, -1.7385429691142387)
113 (1.7923005505112517, -2.31547556891991)
114 (1.6379838037318926, -1.9603991555006846)
115 (1.8839977088369342, -2.923404358850361)
116 (1.670290296523051, -1.7822484121777191)
117 (1.6721425923346558, -1.92904182287402)
118 (1.805112010340165, -2.4115281171458856)
119 (1.8027162682394293, -2.3252932907250297)
120 (1.7606557950297628, -2.1923659379087224)
121 (1.6758372477332515, -1.8549306901934872)
122 (1.799579610101238, -2.5162553184610226)
123 (1.6583333454248856, -1.8908237557854328)
124 (1.6668467799673314, -2.2616174081026137)
125 (1.4845952102155524, -1.18037942579715)
126 (1.516332945972919, -1.3128522023707518)
127 (1.5703850686071326, -1.6319728455122018)
128 (1.8127267518073544, -2.8036496852995065)
129 (1.6472605955690962, -1.918883808248259)
130 (1.3721503331903961, -0.8333338471200994)
131 (1.8777388658887058, -2.8085760982654486)
132 (1.7386972249964476, -2.4176495116802768)
133 (1.781285308682632, -2.4168479830686818)
134 (1.659393287651103, -2.1631089082453316)
135 (1.8639856790080767, -2.5182983278370745)
136 (1.7458599255249334, -2.334262193682034)
137 (1.7580051869637818, -2.4742875331216125)
138 (1.6646789900855568, -1.8401205513890186)
139 (1.5295698770871209, -1.3191921860833513)
140 (1.6529149081192347, -2.1275208357506714)
141 (1.6273841263560722, -1.9147520401179055)
142 (1.7391214213000816, -2.239601331407579)
143 (1.7043753212696882, -2.1485207956391936)
144 (1.462809539529631, -1.1156525382284068)
145 (1.5756530330995477, -1.5938134223220097)
146 (1.6963400203214747, -2.0006228804262696)
147 (1.6746772151235447, -1.8095099235311738)
148 (1.4588443328999379, -1.4212722275377143)
149 (1.7450846621640117, -2.09169433999249)
150 (1.6036337273920107, -1.686519853018478)
151 (1.4402278729728557, -1.0299693568982813)
152 (1.781457886573957, -2.4114531295862354)
153 (1.7810598901323318, -2.5660615832102813)
154 (1.642096094726867, -1.750793939355469)
155 (1.7917289949984094, -2.380730335739346)
156 (1.8282256522379758, -2.715960846899621)
157 (1.7586540451469284, -2.64575147312042)
158 (1.7526160503315769, -1.9681167336534284)
159 (1.6340907541329857, -1.9638411085629683)
160 (1.5437204153321693, -1.5565596019408787)
161 (1.7029635854713094, -1.9643467246829769)
162 (1.793480533358255, -2.3457001277208405)
163 (1.6279588125607813, -1.6068817040573524)
164 (1.6424377467925708, -2.0625477746263474)
165 (1.656494059716725, -2.1376104510514273)
166 (1.6113705446404818, -1.6579453109165314)
167 (1.7462187559387294, -1.986804529669888)
168 (1.7909838474423638, -2.720842415300322)
169 (1.510639885562242, -1.520207332775664)
170 (1.6037425448182012, -1.67089910648064)
171 (1.7413782664259911, -2.428280147676731)
172 (1.690983219343128, -2.1125903791284038)
173 (1.9174361976164676, -3.415996487469902)
174 (1.563424965688374, -1.5764355741079459)
175 (1.6359843159186283, -1.9107737032266305)
176 (1.6650035439163111, -2.1231706257108214)
177 (1.5065964154062501, -1.4052133074810893)
178 (1.7291821389970954, -2.2684159112955693)
179 (1.3428103932612017, -1.1282329962982354)
180 (1.9073778405366386, -2.993475096703718)
181 (1.663015889219477, -1.8495501184732681)
182 (1.4888942743048512, -1.2856115829593993)
183 (1.5280212570296205, -1.3076277899805864)
184 (1.7409469701300877, -2.3577108388606036)
185 (1.7817868401579118, -2.5685785919579844)
186 (1.6992257234502444, -2.378590895995935)
187 (1.614788975281654, -1.7485939588618302)
188 (1.7195528431447957, -2.113797217686284)
189 (1.6635169884035883, -1.9817165141912585)
190 (1.7863007577253287, -2.5626251579215538)
191 (1.5576186011732573, -1.6686094818362154)
192 (1.703229156347755, -2.0507371519052797)
193 (1.9016054715777344, -2.9706612743274485)
194 (1.5934806995750534, -1.8412349251847657)
195 (1.732059826426392, -2.3069298354918852)
196 (1.8840097697062517, -2.815944184234221)
197 (1.566532473971214, -1.4925965224082351)
198 (1.4562742225846137, -1.579399574090911)
199 (1.7408162347669718, -2.243377474752268)
200 (1.5549307247182282, -1.5018952788333197)
201 (1.7309477122079733, -2.5474469493851553)
202 (1.6935574487296847, -2.0023142633843447)
203 (1.7369667691546449, -2.335679412228765)
204 (1.8393015764702643, -2.665611105423992)
205 (1.8000597786244439, -2.664073687029422)
206 (1.7211713093012084, -2.017097155693521)
207 (1.7523190786060645, -2.3305471334987304)
208 (1.6430889649156843, -1.7213268640260917)
209 (1.6241969489468395, -1.9306290820589365)
210 (1.5828432769375682, -1.5583946829570041)
211 (1.651124795258081, -1.6807017344912962)
212 (1.7259872683994535, -2.3105207042255484)
213 (1.6985221819751326, -1.9679936589902687)
214 (1.7479200193502435, -2.6488229983411697)
215 (1.7972167376600636, -2.189902692301785)
216 (1.7570345634273226, -1.976518606045737)
217 (1.6276078350684389, -1.6708818901870803)
218 (1.9855726751433551, -3.2325901025656516)
219 (1.672031187852869, -2.3707678552855382)
220 (1.4614834240313437, -1.328004429823757)
221 (1.8337637469003358, -2.5340728392491374)
222 (1.6119370766886107, -1.6667367797712447)
223 (1.7135482049966109, -2.2223074293066736)
224 (1.3709417875865948, -0.7791501533294232)
225 (1.6422096440676153, -1.7798592686137342)
226 (1.6226389315141974, -1.8159886816572774)
227 (1.7024512122540802, -1.9480587522837747)
228 (1.8281235882545905, -2.6263112231363825)
229 (1.4972315227403366, -1.5043547759455898)
230 (1.6032626542849815, -1.7916492895200478)
231 (1.7409572146831, -2.2790097283319657)
232 (1.6188679865212614, -1.9194344024772003)
233 (1.4765173276921062, -1.195814225890423)
234 (1.8060131498217595, -2.7347152155217374)
235 (1.8544522925161604, -3.077876202828169)
236 (1.6035911372530696, -1.734230239005119)
237 (1.6560431001917277, -1.8128335158267814)
238 (1.8931386364799938, -2.9865449389257432)
239 (1.6972125384079175, -2.239813527148265)
240 (1.7776514324424508, -2.1968123991908737)
241 (1.6983312027727566, -1.9707324695771324)
242 (1.6403131243712576, -2.0242716960515184)
243 (1.5904134705463853, -1.7623878270042554)
244 (1.7707797549496953, -2.2011488286286283)
245 (1.4463634966677956, -0.9951596831895947)
246 (1.9724166351715284, -3.2590069141929767)
247 (1.6012767992969035, -1.8786222254015492)
248 (1.6981173646258834, -2.0779841316616037)
249 (1.772849471280738, -2.2487862302665698)
250 (1.8305900830876833, -2.6574771054661057)
251 (1.810207960029567, -2.651444757140998)
252 (1.7907865739087543, -2.4002290043842405)
253 (1.7251822516560178, -2.3079833262040492)
254 (1.8052386170140065, -2.454757952922163)
255 (1.5669604723835007, -1.560098260508683)
256 (1.741428207446258, -2.2824864894002554)
257 (1.7905351671633905, -2.3623873922808634)
258 (1.7871076200224039, -2.385766827642408)
259 (1.53098041915074, -1.2720343790015076)
260 (1.753543429105991, -2.5801761729142254)
261 (1.413274768271918, -1.0089854269595568)
262 (1.8190997891121499, -2.7602977733696052)
263 (1.5813497360948077, -1.5644094262233326)
264 (1.3328613971926662, -0.7119023363097754)
265 (1.6524162765134127, -2.0454903839297427)
266 (1.755975711338734, -2.421138229912387)
267 (2.0190678314521833, -3.7971300920224715)
268 (1.4999320367252056, -1.401393003325685)
269 (1.4952871860932986, -1.445459496555812)
270 (1.582834309989738, -1.7108359815670455)
271 (1.8393576512120042, -2.5190503077340844)
272 (1.5202736166234423, -1.4201749686515546)
273 (1.681823659818313, -2.1588344788262868)
274 (1.7296803618674252, -2.333438186985571)
275 (1.68148750080518, -2.1503252082969473)
276 (1.6745122563963808, -1.957517743452054)
277 (1.7085188041280197, -2.026659790549044)
278 (1.7465699453437447, -2.3372952326431324)
279 (1.6726631877937992, -2.0463591708003173)
280 (1.7868843332183146, -2.257480804726896)
281 (1.3288745850257153, -0.8300138195351547)
282 (1.3936904679793445, -1.1804077533537725)
283 (1.4542886971561915, -1.316229793307254)
284 (1.9374459773527455, -3.080546978455455)
285 (1.6916852951977526, -1.9955094062609409)
286 (1.6470418632381314, -1.9564655050188775)
287 (1.6445240670614663, -1.6898039488299386)
288 (1.5052132269614613, -1.34309169759162)
289 (1.5846444718018073, -1.6468495831559917)
290 (1.7318123413012139, -2.330233924457086)
291 (1.6303100114791813, -1.8362390319105963)
292 (1.8021051496070188, -2.3575706391357865)
293 (1.8038923288812965, -2.8503555974791883)
294 (1.5522728854501022, -1.486168289337964)
295 (1.4119638752121437, -1.0061060540306763)
296 (1.7628451931651565, -2.269565498655254)
297 (1.7454727698361956, -2.3432881223000535)
298 (1.6558159367809862, -1.9761842165509353)
299 (1.6512085999514388, -1.8364265604701941)
300 (1.602810057292387, -1.7209609137574904)
301 (1.6329147234058703, -1.6733607045044998)
302 (1.7115388512206986, -2.1308611892030953)
303 (1.4918197875717092, -1.0908444333782603)
304 (1.6003296382899765, -1.786050411484123)
305 (1.8014411356720639, -2.4352953628206553)
306 (1.632344271635747, -1.7226771345270397)
307 (1.745864035311852, -1.911927893872692)
308 (1.4749634950546588, -1.2360150141385942)
309 (1.5465780791228807, -1.4041955386805745)
310 (1.7123263524545438, -2.168087267519438)
311 (1.6684122588362038, -1.7407569799540126)
312 (1.6775821535010884, -1.863129100946584)
313 (1.7916704396587084, -2.3721576651104086)
314 (1.5456879724904777, -1.7176035171271387)
315 (1.7694429306741422, -2.4627131245325704)
316 (1.6362981383573225, -1.915015567691653)
317 (1.874950164785574, -2.8942848297632513)
318 (1.7508850594371541, -1.9105745456395464)
319 (1.5874412925368377, -1.5502054393731277)
320 (1.527874182786504, -1.2419807198871091)
321 (1.7631403916677895, -2.4117169804662275)
322 (1.3702479500080684, -0.7356717528834213)
323 (1.808117829841508, -2.3775523274830457)
324 (1.4572417781091715, -1.1209168919661439)
325 (1.6011415526993296, -1.7571048645678164)
326 (1.650518697052513, -1.7907651325634262)
327 (1.8143050236019584, -2.436362324864429)
328 (1.6956472329813868, -2.327856608690078)
329 (1.4698633919643973, -1.4070994042916194)
330 (1.6158979849295954, -1.5345532521504084)
331 (1.9165652473078243, -3.019008595268424)
332 (1.401133827411112, -0.8635591345624063)
333 (1.8597607328757257, -2.6248417943973203)
334 (1.770977266107379, -2.1584679011474854)
335 (1.2019677813500411, -0.238915653669762)
336 (1.6348035624642234, -1.7321414709348386)
337 (1.5411748277402808, -1.6723468704271844)
338 (1.7786016277373993, -2.3080461605385483)
339 (1.6346846236466195, -1.895165749695161)
340 (1.8422931779700376, -2.5668483411444005)
341 (1.7989371177318854, -2.5199142308717675)
342 (1.6413605619372478, -1.4464504252856158)
343 (1.6484744352148109, -1.8251354118572114)
344 (1.6873782842371527, -2.078495772996818)
345 (1.8659341771813396, -2.7980849927302525)
346 (1.56768016964167, -1.4630798106313658)
347 (1.4264278229457752, -1.197397920003121)
348 (1.7561759763651834, -2.203705471365309)
349 (1.6491860340881248, -1.8358811989365917)
350 (1.6887370429407738, -2.2450402495536688)
351 (1.826882652745479, -2.704264302520648)
352 (1.5990044318994743, -1.6761643630148526)
353 (1.56942691598163, -1.5802875709336996)
354 (1.8957531002716963, -2.9879974856487923)
355 (1.857763975333336, -2.7746709607505435)
356 (1.5204784451628277, -1.631178455059008)
357 (1.399080529245787, -1.0265302144589754)
358 (1.634285442895865, -1.9044871419218918)
359 (1.5799783889008847, -1.6626756631540578)
360 (1.6168911076291492, -1.842702697648036)
361 (1.461205354757149, -1.1302760622287509)
362 (1.6216121187837351, -1.8822591585413118)
363 (1.751359520986808, -2.2824113946958535)
364 (1.5328236806722797, -1.8272724433351526)
365 (1.6690369761634092, -2.1127465020395686)
366 (1.5923658539247787, -1.5542244313326934)
367 (1.7090559460567265, -2.261983757265599)
368 (1.6563085864578857, -1.848285831812312)
369 (1.4445934118292019, -1.2973586225156093)
370 (1.6459809040321105, -1.8971936670909646)
371 (1.8960896311359612, -2.7747259077934623)
372 (1.7352556747145411, -2.308588457023017)
373 (1.670369536690303, -1.7402911547749804)
374 (1.7795977440050332, -2.525716096313966)
375 (1.6380031311570797, -1.7972838660693986)
376 (1.5210452515995116, -1.215736263297272)
377 (1.648497791011166, -1.8948133540734566)
378 (1.703609687371362, -2.088249227672649)
379 (1.7829793471800524, -2.5214572211287614)
380 (1.6844563344429464, -1.9716116015684535)
381 (1.704113061433501, -1.9973244826497718)
382 (1.4957238790187575, -1.4402358610372203)
383 (1.4829811531904786, -1.344333845427778)
384 (1.681858708895758, -2.446551931956285)
385 (1.7365118451172596, -2.220515977545123)
386 (1.698582259886514, -2.141683823785313)
387 (1.5300094598185465, -1.8029228974529155)
388 (1.60696477768142, -1.6924020553457997)
389 (1.3515924938332082, -0.7748817940699614)
390 (1.593751375999983, -1.5886574815570158)
391 (1.4631207001320201, -1.333852638801715)
392 (1.7484307156466825, -2.486556296472533)
393 (1.3370375084484711, -0.8055658625262493)
394 (1.556521184013431, -1.4995070664322327)
395 (1.6062541892437088, -1.6425712134790693)
396 (1.5241335952288584, -1.3001800842438993)
397 (1.3632814677292087, -0.8021827488027071)
398 (1.6692105556723362, -2.180610198136729)
399 (1.5721972756075038, -1.7096504167471709)